{
  "P": [
    [
      [
        [
          -0.9845057725906372,
          0.11834348738193512,
          -0.11978662014007568,
          0.09272392094135284
        ],
        [
          0.14819227159023285,
          0.9463252425193787,
          -0.28304237127304077,
          81.014404296875
        ],
        [
          -0.07995667308568954,
          0.2967637777328491,
          0.9503386616706848,
          2.7963881492614746
        ]
      ],
      [
        [
          -0.9712861180305481,
          0.2097262442111969,
          0.10111337155103683,
          0.764682948589325
        ],
        [
          0.1397399604320526,
          0.8720584511756897,
          -0.4664677083492279,
          86.36613464355469
        ],
        [
          0.1862303912639618,
          0.43947041034698486,
          0.8773764371871948,
          4.4414896965026855
        ]
      ],
      [
        [
          -0.9619741439819336,
          0.2162577211856842,
          0.15951180458068848,
          2.1461071968078613
        ],
        [
          0.10458286106586456,
          0.8474331498146057,
          -0.518193781375885,
          92.1102066040039
        ],
        [
          0.24753554165363312,
          0.4823845326900482,
          0.8388305306434631,
          7.336191654205322
        ]
      ],
      [
        [
          -0.9469429850578308,
          0.22869549691677094,
          0.2204608917236328,
          3.774038076400757
        ],
        [
          0.06628355383872986,
          0.8201934099197388,
          -0.5661223530769348,
          98.48945617675781
        ],
        [
          0.3106624186038971,
          0.5220979452133179,
          0.7927849292755127,
          10.96745491027832
        ]
      ],
      [
        [
          -0.9698070287704468,
          0.15384329855442047,
          0.18279001116752625,
          5.7107954025268555
        ],
        [
          0.02626459300518036,
          0.8281898498535156,
          -0.5576888918876648,
          105.43544006347656
        ],
        [
          0.23746608197689056,
          0.5366924405097961,
          0.8081931471824646,
          15.388954162597656
        ]
      ],
      [
        [
          -0.9960319995880127,
          -0.06244495511054993,
          0.040330853313207626,
          6.421840190887451
        ],
        [
          -0.07386983186006546,
          0.8920732736587524,
          -0.44311821460723877,
          111.05001068115234
        ],
        [
          0.008317634463310242,
          0.44487178325653076,
          0.8942175507545471,
          17.671857833862305
        ]
      ],
      [
        [
          -0.9960319995880127,
          -0.06244495511054993,
          0.040330853313207626,
          4.8942766189575195
        ],
        [
          -0.07386983186006546,
          0.8920732736587524,
          -0.44311821460723877,
          132.31341552734375
        ],
        [
          0.008317634463310242,
          0.44487178325653076,
          0.8942175507545471,
          23.590002059936523
        ]
      ],
      [
        [
          -0.3966101408004761,
          -0.9153343439102173,
          -0.049678631126880646,
          2.216104745864868
        ],
        [
          0.6068156957626343,
          -0.2215864658355713,
          -0.7617607712745667,
          104.74861907958984
        ],
        [
          -0.6870809197425842,
          0.3326661288738251,
          -0.6440948247909546,
          15.848427772521973
        ]
      ],
      [
        [
          -0.9757985472679138,
          0.20132113993167877,
          -0.06994820386171341,
          -4.3648576736450195
        ],
        [
          0.03385041654109955,
          -0.17724891006946564,
          -0.9823649525642395,
          103.15547943115234
        ],
        [
          0.21042123436927795,
          0.9621109366416931,
          -0.1663438379764557,
          18.240188598632812
        ]
      ],
      [
        [
          0.27980881929397583,
          0.955178439617157,
          -0.08334824442863464,
          0.5078344345092773
        ],
        [
          -0.19088999927043915,
          -0.029590550810098648,
          -0.9799438714981079,
          98.86542510986328
        ],
        [
          0.939612627029419,
          -0.2904554009437561,
          -0.1742633879184723,
          41.52671813964844
        ]
      ],
      [
        [
          0.5214852690696716,
          0.8385546207427979,
          0.14994996786117554,
          21.135011672973633
        ],
        [
          0.072684645652771,
          0.1313738226890564,
          -0.9874528050422668,
          98.22642517089844
        ],
        [
          0.8487486839294434,
          -0.5264716148376465,
          -0.007568956818431616,
          35.25430679321289
        ]
      ],
      [
        [
          0.9939828515052795,
          0.09780024737119675,
          0.006268396507948637,
          21.94172477722168
        ],
        [
          0.034542813897132874,
          -0.2898550033569336,
          -0.9551941752433777,
          97.25335693359375
        ],
        [
          0.09171093255281448,
          -0.9508021473884583,
          0.2918379008769989,
          32.32047653198242
        ]
      ],
      [
        [
          0.7637177109718323,
          0.6375266313552856,
          -0.088885098695755,
          21.74864387512207
        ],
        [
          0.08264704048633575,
          -0.23389792442321777,
          -0.9675045609474182,
          96.50761413574219
        ],
        [
          0.6383649110794067,
          -0.7324320673942566,
          0.23159827291965485,
          29.883726119995117
        ]
      ],
      [
        [
          0.9061117172241211,
          0.40815088152885437,
          0.09990094602108002,
          23.76677703857422
        ],
        [
          0.10127703100442886,
          0.0183298010379076,
          -0.993484616279602,
          95.7853775024414
        ],
        [
          0.40781131386756897,
          -0.9114174842834473,
          0.024756241589784622,
          27.64110565185547
        ]
      ],
      [
        [
          0.9061115384101868,
          0.40815165638923645,
          0.09990010410547256,
          25.214740753173828
        ],
        [
          0.10127601772546768,
          0.01833011396229267,
          -0.9934847354888916,
          95.87416076660156
        ],
        [
          0.4078120291233063,
          -0.9114171266555786,
          0.024755652993917465,
          25.361080169677734
        ]
      ],
      [
        [
          0.5381690263748169,
          0.8402111530303955,
          -0.04501330852508545,
          25.760589599609375
        ],
        [
          0.08464452624320984,
          -0.10722354054450989,
          -0.9894155859947205,
          98.9250717163086
        ],
        [
          0.8371466398239136,
          -0.5292969942092896,
          0.12897759675979614,
          29.34226417541504
        ]
      ],
      [
        [
          0.5172911286354065,
          0.8107807040214539,
          -0.26953789591789246,
          28.280996322631836
        ],
        [
          0.09062334150075912,
          -0.36537662148475647,
          -0.9251441955566406,
          98.60333251953125
        ],
        [
          0.8495895266532898,
          -0.45468729734420776,
          0.2627961039543152,
          27.75385093688965
        ]
      ],
      [
        [
          0.49749913811683655,
          0.7222484946250916,
          -0.4779732823371887,
          30.509737014770508
        ],
        [
          0.10300930589437485,
          -0.5966491103172302,
          -0.7943577766418457,
          97.59911346435547
        ],
        [
          0.8599352836608887,
          -0.34637174010276794,
          0.3716757297515869,
          26.5045108795166
        ]
      ],
      [
        [
          0.49749910831451416,
          0.7222484946250916,
          -0.47797340154647827,
          32.19575881958008
        ],
        [
          0.10300930589437485,
          -0.596649169921875,
          -0.7943578958511353,
          96.20632934570312
        ],
        [
          0.8599352836608887,
          -0.34637168049812317,
          0.3716757595539093,
          25.6960391998291
        ]
      ],
      [
        [
          0.514072597026825,
          0.7975207567214966,
          -0.31192299723625183,
          26.87990379333496
        ],
        [
          0.10203315317630768,
          -0.4182628393173218,
          -0.9012492895126343,
          99.2397689819336
        ],
        [
          0.8502494096755981,
          -0.4319985806941986,
          0.29674583673477173,
          30.668167114257812
        ]
      ],
      [
        [
          0.4777988791465759,
          0.5073229074478149,
          -0.7154985070228577,
          29.574209213256836
        ],
        [
          0.13687267899513245,
          -0.8479169607162476,
          -0.5098116397857666,
          97.82601928710938
        ],
        [
          0.8663600087165833,
          -0.14583039283752441,
          0.4751410484313965,
          29.206584930419922
        ]
      ],
      [
        [
          0.46099576354026794,
          0.011741713620722294,
          -0.8859744071960449,
          31.195608139038086
        ],
        [
          0.1953985095024109,
          -0.9754733443260193,
          0.08874383568763733,
          95.12125396728516
        ],
        [
          0.8642382621765137,
          0.21428459882736206,
          0.4525253176689148,
          28.746049880981445
        ]
      ],
      [
        [
          0.46099576354026794,
          0.011741708032786846,
          -0.8859744071960449,
          31.22624969482422
        ],
        [
          0.1953985095024109,
          -0.9754733443260193,
          0.08874382823705673,
          92.43600463867188
        ],
        [
          0.8642382621765137,
          0.21428459882736206,
          0.4525253176689148,
          29.3326416015625
        ]
      ],
      [
        [
          0.5042063593864441,
          0.7337610125541687,
          -0.4527435898780823,
          27.93305778503418
        ],
        [
          0.12023165076971054,
          -0.5791889429092407,
          -0.8047918677330017,
          99.18605041503906
        ],
        [
          0.8537712693214417,
          -0.35176852345466614,
          0.38070759177207947,
          32.038761138916016
        ]
      ],
      [
        [
          0.4714917242527008,
          0.26589497923851013,
          -0.8394051194190979,
          30.018600463867188
        ],
        [
          0.17130975425243378,
          -0.9616787433624268,
          -0.20840264856815338,
          97.53761291503906
        ],
        [
          0.8636861443519592,
          0.045592378824949265,
          0.49957215785980225,
          31.03423500061035
        ]
      ],
      [
        [
          0.4744977355003357,
          -0.367642343044281,
          -0.7983090281486511,
          30.7318172454834
        ],
        [
          0.23385508358478546,
          -0.821704626083374,
          0.5174155235290527,
          94.95946502685547
        ],
        [
          0.847212553024292,
          0.4327189028263092,
          0.30428650975227356,
          31.157115936279297
        ]
      ],
      [
        [
          0.4744977355003357,
          -0.3676424026489258,
          -0.7983089685440063,
          29.89500617980957
        ],
        [
          0.23385505378246307,
          -0.8217045664787292,
          0.5174155831336975,
          93.08621978759766
        ],
        [
          0.847212553024292,
          0.4327189028263092,
          0.30428647994995117,
          32.147037506103516
        ]
      ],
      [
        [
          0.4931529462337494,
          0.6492980718612671,
          -0.5769039988517761,
          28.615318298339844
        ],
        [
          0.12804891169071198,
          -0.7105084657669067,
          -0.6902080774307251,
          99.3467788696289
        ],
        [
          0.85907381772995,
          -0.2668260931968689,
          0.43405085802078247,
          33.49867248535156
        ]
      ],
      [
        [
          0.46405041217803955,
          -0.01206005085259676,
          -0.8843737840652466,
          30.225963592529297
        ],
        [
          0.20385529100894928,
          -0.9703606367111206,
          0.12020014226436615,
          97.58465576171875
        ],
        [
          0.8606418371200562,
          0.23634576797485352,
          0.44837486743927,
          32.837337493896484
        ]
      ],
      [
        [
          0.49551376700401306,
          -0.6632936596870422,
          -0.5586708784103394,
          30.203083038330078
        ],
        [
          0.27154740691185,
          -0.49240756034851074,
          0.8254708051681519,
          95.69166564941406
        ],
        [
          0.8236095309257507,
          0.5614098906517029,
          0.06395610421895981,
          33.29965591430664
        ]
      ],
      [
        [
          0.49551376700401306,
          -0.6632936596870422,
          -0.5586709380149841,
          29.101377487182617
        ],
        [
          0.27154740691185,
          -0.49240756034851074,
          0.8254709243774414,
          94.87397003173828
        ],
        [
          0.8236095309257507,
          0.5614098906517029,
          0.063956119120121,
          34.229766845703125
        ]
      ],
      [
        [
          0.19404566287994385,
          0.6684067845344543,
          -0.7163683176040649,
          8.68792724609375
        ],
        [
          -0.5802935361862183,
          -0.510009765625,
          -0.6330515146255493,
          104.28335571289062
        ],
        [
          0.7894368171691895,
          -0.5391906499862671,
          -0.2892536222934723,
          13.744241714477539
        ]
      ],
      [
        [
          0.6826659440994263,
          0.17237086594104767,
          -0.708421528339386,
          13.493597030639648
        ],
        [
          -0.5297116041183472,
          -0.5495877265930176,
          -0.6441776156425476,
          100.61653900146484
        ],
        [
          0.5009776949882507,
          -0.8159947395324707,
          0.2842182517051697,
          9.867609977722168
        ]
      ],
      [
        [
          0.6389282941818237,
          0.2954031825065613,
          -0.7085990309715271,
          17.665437698364258
        ],
        [
          -0.4180046617984772,
          -0.639401376247406,
          -0.6434618830680847,
          87.31501007080078
        ],
        [
          0.6439317464828491,
          -0.7081723213195801,
          0.28539350628852844,
          -9.881689071655273
        ]
      ],
      [
        [
          0.34940841794013977,
          0.6425953507423401,
          -0.6801393628120422,
          24.044858932495117
        ],
        [
          -0.4231148362159729,
          -0.5390366911888123,
          -0.7266483902931213,
          73.5067138671875
        ],
        [
          0.8345608115196228,
          -0.5423246622085571,
          -0.08364822715520859,
          -25.175125122070312
        ]
      ],
      [
        [
          -0.0918867215514183,
          0.4559510052204132,
          -0.8838945627212524,
          25.374740600585938
        ],
        [
          -0.014441225677728653,
          -0.8881775140762329,
          -0.4566585123538971,
          70.58609771728516
        ],
        [
          0.9944613575935364,
          0.029230795800685883,
          -0.0883021131157875,
          -24.624216079711914
        ]
      ],
      [
        [
          0.13021130859851837,
          0.42812639474868774,
          -0.8929486274719238,
          26.506723403930664
        ],
        [
          -0.28051936626434326,
          -0.8477978110313416,
          -0.4473842680454254,
          68.29631805419922
        ],
        [
          0.9497150778770447,
          -0.30911487340927124,
          -0.009716578759253025,
          -24.113426208496094
        ]
      ],
      [
        [
          -0.04996992647647858,
          0.6317496299743652,
          -0.772010087966919,
          27.809711456298828
        ],
        [
          -0.09223488718271255,
          -0.7725926637649536,
          -0.6262567639350891,
          65.71723937988281
        ],
        [
          0.9932778477668762,
          -0.03996072709560394,
          -0.09699223935604095,
          -25.10855484008789
        ]
      ],
      [
        [
          -0.04996999725699425,
          0.6317496299743652,
          -0.7720100283622742,
          29.487489700317383
        ],
        [
          -0.09223476052284241,
          -0.7725926637649536,
          -0.6262567043304443,
          63.7246208190918
        ],
        [
          0.9932777881622314,
          -0.039960626512765884,
          -0.09699223935604095,
          -25.596858978271484
        ]
      ],
      [
        [
          0.2127101719379425,
          0.570037841796875,
          -0.7920956015586853,
          29.4805965423584
        ],
        [
          -0.26676809787750244,
          -0.7458503246307373,
          -0.6083961725234985,
          68.56208038330078
        ],
        [
          0.9387198686599731,
          -0.34112682938575745,
          0.0065897442400455475,
          -26.88933563232422
        ]
      ],
      [
        [
          0.22094643115997314,
          0.31961458921432495,
          -0.920126736164093,
          31.161611557006836
        ],
        [
          -0.28125640749931335,
          -0.8823795318603516,
          -0.37404003739356995,
          66.36259460449219
        ],
        [
          0.9325680732727051,
          -0.34184446930885315,
          0.10519080609083176,
          -27.89636993408203
        ]
      ],
      [
        [
          0.2251826822757721,
          0.03407330811023712,
          -0.9724898934364319,
          32.05582046508789
        ],
        [
          -0.3039931356906891,
          -0.9457669258117676,
          -0.10352781414985657,
          63.89210510253906
        ],
        [
          0.9243845343589783,
          -0.3193259835243225,
          0.20285536348819733,
          -28.85923957824707
        ]
      ],
      [
        [
          0.22518271207809448,
          0.03407306969165802,
          -0.9724898934364319,
          32.13783645629883
        ],
        [
          -0.3039931356906891,
          -0.9457669258117676,
          -0.10352758318185806,
          61.654762268066406
        ],
        [
          0.9243845343589783,
          -0.3193259537220001,
          0.2028554528951645,
          -29.60793113708496
        ]
      ],
      [
        [
          0.27283790707588196,
          0.45770567655563354,
          -0.8447893261909485,
          29.078927993774414
        ],
        [
          -0.3291637897491455,
          -0.780519425868988,
          -0.5291925668716431,
          69.31806945800781
        ],
        [
          0.902671217918396,
          -0.422965407371521,
          0.06236977502703667,
          -28.40692710876465
        ]
      ],
      [
        [
          0.27891722321510315,
          0.1185542494058609,
          -0.9517112970352173,
          30.596960067749023
        ],
        [
          -0.348293662071228,
          -0.9109519720077515,
          -0.2155507504940033,
          66.73065185546875
        ],
        [
          0.8935889601707458,
          -0.3920663595199585,
          0.21304401755332947,
          -29.799028396606445
        ]
      ],
      [
        [
          0.27759382128715515,
          -0.27006369829177856,
          -0.9206580519676208,
          30.975025177001953
        ],
        [
          -0.37049394845962524,
          -0.9142502546310425,
          0.15647441148757935,
          63.82554626464844
        ],
        [
          0.8850314021110535,
          -0.29801952838897705,
          0.3542723059654236,
          -31.049415588378906
        ]
      ],
      [
        [
          0.27759382128715515,
          -0.27006369829177856,
          -0.9206580519676208,
          30.245580673217773
        ],
        [
          -0.37049394845962524,
          -0.9142502546310425,
          0.15647439658641815,
          61.368247985839844
        ],
        [
          0.8850314021110535,
          -0.29801952838897705,
          0.3542723059654236,
          -31.85970687866211
        ]
      ],
      [
        [
          0.3058333694934845,
          0.3216788172721863,
          -0.8947589993476868,
          28.528182983398438
        ],
        [
          -0.383719265460968,
          -0.8182113766670227,
          -0.42531636357307434,
          69.89852905273438
        ],
        [
          0.8699596524238586,
          -0.4739806056022644,
          0.12695416808128357,
          -30.0593318939209
        ]
      ],
      [
        [
          0.3090995252132416,
          -0.07706589251756668,
          -0.9466382265090942,
          29.434335708618164
        ],
        [
          -0.40748485922813416,
          -0.9099904894828796,
          -0.05897108465433121,
          67.59426879882812
        ],
        [
          0.8579150438308716,
          -0.4044535160064697,
          0.31305620074272156,
          -31.39253044128418
        ]
      ],
      [
        [
          0.3007211983203888,
          -0.4917987883090973,
          -0.8156625628471375,
          29.22348976135254
        ],
        [
          -0.433546245098114,
          -0.8322818875312805,
          0.3419775068759918,
          65.10484313964844
        ],
        [
          0.8480618596076965,
          -0.2510887086391449,
          0.464058518409729,
          -32.49904251098633
        ]
      ],
      [
        [
          0.3007211983203888,
          -0.49179887771606445,
          -0.8156625032424927,
          28.065757751464844
        ],
        [
          -0.433546245098114,
          -0.8322818279266357,
          0.341977596282959,
          63.1469612121582
        ],
        [
          0.8480618596076965,
          -0.2510886490345001,
          0.4640585482120514,
          -33.09110641479492
        ]
      ],
      [
        [
          0.3091467320919037,
          0.20780697464942932,
          -0.9267411231994629,
          27.92024803161621
        ],
        [
          -0.3891863226890564,
          -0.8612989783287048,
          -0.32295897603034973,
          70.45216369628906
        ],
        [
          0.8663533329963684,
          -0.4610694944858551,
          0.18561449646949768,
          -31.23636817932129
        ]
      ],
      [
        [
          0.3085786998271942,
          -0.291768878698349,
          -0.9040213227272034,
          28.429006576538086
        ],
        [
          -0.41684088110923767,
          -0.8957104086875916,
          0.14680242538452148,
          68.34282684326172
        ],
        [
          0.8535975813865662,
          -0.3319310247898102,
          0.39849597215652466,
          -32.36628723144531
        ]
      ],
      [
        [
          0.28704190254211426,
          -0.7159071564674377,
          -0.6345771551132202,
          27.853391647338867
        ],
        [
          -0.450004905462265,
          -0.6856932640075684,
          0.5700217485427856,
          66.58448791503906
        ],
        [
          0.8442206382751465,
          -0.12208937853574753,
          0.5196073055267334,
          -33.02434158325195
        ]
      ],
      [
        [
          0.28704196214675903,
          -0.715907633304596,
          -0.6345765590667725,
          26.701313018798828
        ],
        [
          -0.45000484585762024,
          -0.6856928467750549,
          0.5700222849845886,
          65.47588348388672
        ],
        [
          0.8442206382751465,
          -0.12208889424800873,
          0.519607424736023,
          -33.21516418457031
        ]
      ],
      [
        [
          0.9314668774604797,
          -0.0628327801823616,
          -0.35501471161842346,
          -7.414730072021484
        ],
        [
          -0.1416902095079422,
          -0.9681791663169861,
          -0.2003975808620453,
          73.77843475341797
        ],
        [
          0.33152472972869873,
          -0.2372487187385559,
          0.9118167161941528,
          -0.77443528175354
        ]
      ],
      [
        [
          0.7814981937408447,
          0.4462023973464966,
          -0.43333423137664795,
          -10.066451072692871
        ],
        [
          -0.21095243096351624,
          -0.46447262167930603,
          -0.8587028384208679,
          38.77971649169922
        ],
        [
          0.5851278901100159,
          -0.7633967995643616,
          0.2691771388053894,
          -9.40218734741211
        ]
      ],
      [
        [
          0.6533331871032715,
          -0.31102076172828674,
          -0.6885033249855042,
          10.576238632202148
        ],
        [
          -0.14536166191101074,
          -0.9449792504310608,
          0.2889472246170044,
          17.291797637939453
        ],
        [
          0.7413766384124756,
          0.08880216628313065,
          0.6633859872817993,
          -44.71926498413086
        ]
      ],
      [
        [
          0.625042736530304,
          -0.7550390958786011,
          0.19196808338165283,
          5.4852681159973145
        ],
        [
          -0.13576900959014893,
          0.13678210973739624,
          0.9800328016281128,
          1.8238136768341064
        ],
        [
          0.7671372294425964,
          0.6393864750862122,
          0.017036743462085724,
          -43.26570129394531
        ]
      ],
      [
        [
          0.6250426769256592,
          -0.7550392150878906,
          0.19196823239326477,
          0.4529183506965637
        ],
        [
          -0.1357692927122116,
          0.13678205013275146,
          0.9800329208374023,
          2.735468864440918
        ],
        [
          0.7671372294425964,
          0.6393865346908569,
          0.01703701540827751,
          -39.00417709350586
        ]
      ],
      [
        [
          0.9963991641998291,
          -0.04728734493255615,
          0.05068078637123108,
          5.620476722717285
        ],
        [
          -0.06650564074516296,
          -0.44634467363357544,
          0.8910435438156128,
          71.8163070678711
        ],
        [
          0.01953715644776821,
          0.8922705054283142,
          0.4484168589115143,
          0.28421875834465027
        ]
      ],
      [
        [
          0.9885917901992798,
          -0.13368754088878632,
          0.04929284751415253,
          4.305355548858643
        ],
        [
          -0.1413874626159668,
          -0.9632137417793274,
          0.22323474287986755,
          56.083168029785156
        ],
        [
          -0.017656998708844185,
          0.22792993485927582,
          0.9722869992256165,
          32.799800872802734
        ]
      ],
      [
        [
          0.8834356665611267,
          0.3817867636680603,
          0.2671993374824524,
          -1.8781415224075317
        ],
        [
          0.02418450079858303,
          -0.6094937920570374,
          0.7909085750579834,
          11.531305313110352
        ],
        [
          -0.46537044644355774,
          0.6930822134017944,
          0.5483359098434448,
          43.34232711791992
        ]
      ],
      [
        [
          0.8686730861663818,
          0.4926176965236664,
          -0.01870870776474476,
          4.560085296630859
        ],
        [
          -0.016736935824155807,
          0.06735258549451828,
          0.9963876605033875,
          1.2531640529632568
        ],
        [
          -0.4926862120628357,
          0.8662555813789368,
          -0.0668325275182724,
          55.03005599975586
        ]
      ],
      [
        [
          0.8686729669570923,
          0.4926179349422455,
          -0.018708636984229088,
          7.849571704864502
        ],
        [
          -0.016736969351768494,
          0.06735246628522873,
          0.9963876605033875,
          1.7029154300689697
        ],
        [
          -0.4926864504814148,
          0.8662554621696472,
          -0.06683243811130524,
          60.81453323364258
        ]
      ]
    ],
    [
      [
        [
          -0.9845057725906372,
          0.11834348738193512,
          -0.11978662014007568,
          0.09272392094135284
        ],
        [
          0.14819227159023285,
          0.9463252425193787,
          -0.28304237127304077,
          81.014404296875
        ],
        [
          -0.07995667308568954,
          0.2967637777328491,
          0.9503386616706848,
          2.7963881492614746
        ]
      ],
      [
        [
          -0.9712861180305481,
          0.2097262442111969,
          0.10111337155103683,
          0.764682948589325
        ],
        [
          0.1397399604320526,
          0.8720584511756897,
          -0.4664677083492279,
          86.36613464355469
        ],
        [
          0.1862303912639618,
          0.43947041034698486,
          0.8773764371871948,
          4.4414896965026855
        ]
      ],
      [
        [
          -0.9619741439819336,
          0.2162577211856842,
          0.15951180458068848,
          2.1461071968078613
        ],
        [
          0.10458286106586456,
          0.8474331498146057,
          -0.518193781375885,
          92.1102066040039
        ],
        [
          0.24753554165363312,
          0.4823845326900482,
          0.8388305306434631,
          7.336191654205322
        ]
      ],
      [
        [
          -0.9469429850578308,
          0.22869549691677094,
          0.2204608917236328,
          3.774038076400757
        ],
        [
          0.06628355383872986,
          0.8201934099197388,
          -0.5661223530769348,
          98.48945617675781
        ],
        [
          0.3106624186038971,
          0.5220979452133179,
          0.7927849292755127,
          10.96745491027832
        ]
      ],
      [
        [
          -0.9698070287704468,
          0.15384329855442047,
          0.18279001116752625,
          5.7107954025268555
        ],
        [
          0.02626459300518036,
          0.8281898498535156,
          -0.5576888918876648,
          105.43544006347656
        ],
        [
          0.23746608197689056,
          0.5366924405097961,
          0.8081931471824646,
          15.388954162597656
        ]
      ],
      [
        [
          -0.9960319995880127,
          -0.06244495511054993,
          0.040330853313207626,
          6.421840190887451
        ],
        [
          -0.07386983186006546,
          0.8920732736587524,
          -0.44311821460723877,
          111.05001068115234
        ],
        [
          0.008317634463310242,
          0.44487178325653076,
          0.8942175507545471,
          17.671857833862305
        ]
      ],
      [
        [
          -0.9960319995880127,
          -0.06244495511054993,
          0.040330853313207626,
          4.8942766189575195
        ],
        [
          -0.07386983186006546,
          0.8920732736587524,
          -0.44311821460723877,
          132.31341552734375
        ],
        [
          0.008317634463310242,
          0.44487178325653076,
          0.8942175507545471,
          23.590002059936523
        ]
      ],
      [
        [
          -0.3966101408004761,
          -0.9153343439102173,
          -0.049678631126880646,
          2.216104745864868
        ],
        [
          0.6068156957626343,
          -0.2215864658355713,
          -0.7617607712745667,
          104.74861907958984
        ],
        [
          -0.6870809197425842,
          0.3326661288738251,
          -0.6440948247909546,
          15.848427772521973
        ]
      ],
      [
        [
          -0.9757985472679138,
          0.20132113993167877,
          -0.06994820386171341,
          -4.3648576736450195
        ],
        [
          0.03385041654109955,
          -0.17724891006946564,
          -0.9823649525642395,
          103.15547943115234
        ],
        [
          0.21042123436927795,
          0.9621109366416931,
          -0.1663438379764557,
          18.240188598632812
        ]
      ],
      [
        [
          0.27980881929397583,
          0.955178439617157,
          -0.08334824442863464,
          0.5078344345092773
        ],
        [
          -0.19088999927043915,
          -0.029590550810098648,
          -0.9799438714981079,
          98.86542510986328
        ],
        [
          0.939612627029419,
          -0.2904554009437561,
          -0.1742633879184723,
          41.52671813964844
        ]
      ],
      [
        [
          0.5214852690696716,
          0.8385546207427979,
          0.14994996786117554,
          21.135011672973633
        ],
        [
          0.072684645652771,
          0.1313738226890564,
          -0.9874528050422668,
          98.22642517089844
        ],
        [
          0.8487486839294434,
          -0.5264716148376465,
          -0.007568956818431616,
          35.25430679321289
        ]
      ],
      [
        [
          0.9939828515052795,
          0.09780024737119675,
          0.006268396507948637,
          21.94172477722168
        ],
        [
          0.034542813897132874,
          -0.2898550033569336,
          -0.9551941752433777,
          97.25335693359375
        ],
        [
          0.09171093255281448,
          -0.9508021473884583,
          0.2918379008769989,
          32.32047653198242
        ]
      ],
      [
        [
          0.7637177109718323,
          0.6375266313552856,
          -0.088885098695755,
          21.74864387512207
        ],
        [
          0.08264704048633575,
          -0.23389792442321777,
          -0.9675045609474182,
          96.50761413574219
        ],
        [
          0.6383649110794067,
          -0.7324320673942566,
          0.23159827291965485,
          29.883726119995117
        ]
      ],
      [
        [
          0.9061117172241211,
          0.40815088152885437,
          0.09990094602108002,
          23.76677703857422
        ],
        [
          0.10127703100442886,
          0.0183298010379076,
          -0.993484616279602,
          95.7853775024414
        ],
        [
          0.40781131386756897,
          -0.9114174842834473,
          0.024756241589784622,
          27.64110565185547
        ]
      ],
      [
        [
          0.9061115384101868,
          0.40815165638923645,
          0.09990010410547256,
          25.214740753173828
        ],
        [
          0.10127601772546768,
          0.01833011396229267,
          -0.9934847354888916,
          95.87416076660156
        ],
        [
          0.4078120291233063,
          -0.9114171266555786,
          0.024755652993917465,
          25.361080169677734
        ]
      ],
      [
        [
          0.5381690263748169,
          0.8402111530303955,
          -0.04501330852508545,
          25.760589599609375
        ],
        [
          0.08464452624320984,
          -0.10722354054450989,
          -0.9894155859947205,
          98.9250717163086
        ],
        [
          0.8371466398239136,
          -0.5292969942092896,
          0.12897759675979614,
          29.34226417541504
        ]
      ],
      [
        [
          0.5172911286354065,
          0.8107807040214539,
          -0.26953789591789246,
          28.280996322631836
        ],
        [
          0.09062334150075912,
          -0.36537662148475647,
          -0.9251441955566406,
          98.60333251953125
        ],
        [
          0.8495895266532898,
          -0.45468729734420776,
          0.2627961039543152,
          27.75385093688965
        ]
      ],
      [
        [
          0.49749913811683655,
          0.7222484946250916,
          -0.4779732823371887,
          30.509737014770508
        ],
        [
          0.10300930589437485,
          -0.5966491103172302,
          -0.7943577766418457,
          97.59911346435547
        ],
        [
          0.8599352836608887,
          -0.34637174010276794,
          0.3716757297515869,
          26.5045108795166
        ]
      ],
      [
        [
          0.49749910831451416,
          0.7222484946250916,
          -0.47797340154647827,
          32.19575881958008
        ],
        [
          0.10300930589437485,
          -0.596649169921875,
          -0.7943578958511353,
          96.20632934570312
        ],
        [
          0.8599352836608887,
          -0.34637168049812317,
          0.3716757595539093,
          25.6960391998291
        ]
      ],
      [
        [
          0.514072597026825,
          0.7975207567214966,
          -0.31192299723625183,
          26.87990379333496
        ],
        [
          0.10203315317630768,
          -0.4182628393173218,
          -0.9012492895126343,
          99.2397689819336
        ],
        [
          0.8502494096755981,
          -0.4319985806941986,
          0.29674583673477173,
          30.668167114257812
        ]
      ],
      [
        [
          0.4777988791465759,
          0.5073229074478149,
          -0.7154985070228577,
          29.574209213256836
        ],
        [
          0.13687267899513245,
          -0.8479169607162476,
          -0.5098116397857666,
          97.82601928710938
        ],
        [
          0.8663600087165833,
          -0.14583039283752441,
          0.4751410484313965,
          29.206584930419922
        ]
      ],
      [
        [
          0.46099576354026794,
          0.011741713620722294,
          -0.8859744071960449,
          31.195608139038086
        ],
        [
          0.1953985095024109,
          -0.9754733443260193,
          0.08874383568763733,
          95.12125396728516
        ],
        [
          0.8642382621765137,
          0.21428459882736206,
          0.4525253176689148,
          28.746049880981445
        ]
      ],
      [
        [
          0.46099576354026794,
          0.011741708032786846,
          -0.8859744071960449,
          31.22624969482422
        ],
        [
          0.1953985095024109,
          -0.9754733443260193,
          0.08874382823705673,
          92.43600463867188
        ],
        [
          0.8642382621765137,
          0.21428459882736206,
          0.4525253176689148,
          29.3326416015625
        ]
      ],
      [
        [
          0.5042063593864441,
          0.7337610125541687,
          -0.4527435898780823,
          27.93305778503418
        ],
        [
          0.12023165076971054,
          -0.5791889429092407,
          -0.8047918677330017,
          99.18605041503906
        ],
        [
          0.8537712693214417,
          -0.35176852345466614,
          0.38070759177207947,
          32.038761138916016
        ]
      ],
      [
        [
          0.4714917242527008,
          0.26589497923851013,
          -0.8394051194190979,
          30.018600463867188
        ],
        [
          0.17130975425243378,
          -0.9616787433624268,
          -0.20840264856815338,
          97.53761291503906
        ],
        [
          0.8636861443519592,
          0.045592378824949265,
          0.49957215785980225,
          31.03423500061035
        ]
      ],
      [
        [
          0.4744977355003357,
          -0.367642343044281,
          -0.7983090281486511,
          30.7318172454834
        ],
        [
          0.23385508358478546,
          -0.821704626083374,
