{
  "P": [
    [
      [
        [
          -0.997567892074585,
          0.009449935518205166,
          0.07040354609489441,
          -0.5790150761604309
        ],
        [
          0.012359831482172012,
          0.999176025390625,
          0.04101528599858284,
          99.55162048339844
        ],
        [
          0.0699513852596283,
          -0.04178178682923317,
          0.9967691898345947,
          0.622818112373352
        ]
      ],
      [
        [
          -0.9965094327926636,
          -0.004854249302297831,
          0.08445700258016586,
          -0.527911365032196
        ],
        [
          -0.004189104773104191,
          1.000052571296692,
          0.008051683194935322,
          105.19137573242188
        ],
        [
          0.08449260890483856,
          -0.0076690553687512875,
          0.9964888095855713,
          0.35510364174842834
        ]
      ],
      [
        [
          -0.9934001564979553,
          -0.014131919480860233,
          0.11464717239141464,
          -0.5598853230476379
        ],
        [
          -0.022127723321318626,
          0.9974804520606995,
          -0.06877948343753815,
          111.77851867675781
        ],
        [
          0.1133757010102272,
          0.07085580378770828,
          0.9911171793937683,
          0.3045891225337982
        ]
      ],
      [
        [
          -0.9892517924308777,
          -0.020993536338210106,
          0.145353764295578,
          -0.666266679763794
        ],
        [
          -0.04222913458943367,
          0.9886823296546936,
          -0.14460791647434235,
          119.28729248046875
        ],
        [
          0.14065970480442047,
          0.14917786419391632,
          0.9788507223129272,
          0.8379728198051453
        ]
      ],
      [
        [
          -0.9921693801879883,
          -0.03858604654669762,
          0.11957722157239914,
          -0.8440549373626709
        ],
        [
          -0.03184158354997635,
          0.9979134798049927,
          0.05781446024775505,
          127.66016387939453
        ],
        [
          0.1215471401810646,
          -0.05354916676878929,
          0.9912348389625549,
          2.101317882537842
        ]
      ],
      [
        [
          -0.9998359680175781,
          -0.013237633742392063,
          0.01844603382050991,
          -1.2141135931015015
        ],
        [
          -0.013994083739817142,
          0.9991340637207031,
          -0.041505444794893265,
          133.5795440673828
        ],
        [
          0.017878951504826546,
          0.04175286740064621,
          0.9990618228912354,
          0.6312828660011292
        ]
      ],
      [
        [
          -0.9998359680175781,
          -0.013237633742392063,
          0.01844603382050991,
          -1.5795222520828247
        ],
        [
          -0.013994083739817142,
          0.9991340637207031,
          -0.041505444794893265,
          155.48391723632812
        ],
        [
          0.017878951504826546,
          0.04175286740064621,
          0.9990618228912354,
          -2.6584603786468506
        ]
      ],
      [
        [
          -0.16080564260482788,
          -0.900669515132904,
          0.4038843512535095,
          -4.20092248916626
        ],
        [
          0.22908148169517517,
          -0.4320882558822632,
          -0.8723582625389099,
          126.40586853027344
        ],
        [
          -0.9601306319236755,
          0.04775305837392807,
          -0.2757834196090698,
          2.396716594696045
        ]
      ],
      [
        [
          -0.4367792308330536,
          -0.26110461354255676,
          0.8609501719474792,
          -10.676446914672852
        ],
        [
          0.23262004554271698,
          -0.9572800993919373,
          -0.1723068356513977,
          123.29928588867188
        ],
        [
          -0.8690795302391052,
          -0.12500278651714325,
          -0.47881385684013367,
          2.740044116973877
        ]
      ],
      [
        [
          -0.48016196489334106,
          -0.11324386298656464,
          0.8699470162391663,
          -16.996116638183594
        ],
        [
          -0.08280622214078903,
          -0.981447696685791,
          -0.17346400022506714,
          100.12967681884766
        ],
        [
          -0.8733696937561035,
          0.15531308948993683,
          -0.46183422207832336,
          -0.285469114780426
        ]
      ],
      [
        [
          -0.2537758946418762,
          -0.25447872281074524,
          0.9332879781723022,
          -19.441638946533203
        ],
        [
          0.04373926296830177,
          -0.9668993353843689,
          -0.25175145268440247,
          78.93521881103516
        ],
        [
          -0.9663705229759216,
          0.023064734414219856,
          -0.256483256816864,
          3.068538188934326
        ]
      ],
      [
        [
          -0.33784669637680054,
          0.19608375430107117,
          0.9206511974334717,
          -18.398330688476562
        ],
        [
          -0.34123703837394714,
          -0.9371304512023926,
          0.0743698999285698,
          76.53398895263672
        ],
        [
          -0.8772711157798767,
          0.2890072762966156,
          -0.3834819793701172,
          4.906205654144287
        ]
      ],
      [
        [
          -0.3315820097923279,
          0.20082443952560425,
          0.9219053983688354,
          -17.754772186279297
        ],
        [
          -0.3829602301120758,
          -0.9217121601104736,
          0.06304150819778442,
          74.32315063476562
        ],
        [
          -0.8623123168945312,
          0.3321182131767273,
          -0.3824954926967621,
          6.02250337600708
        ]
      ],
      [
        [
          -0.3000020980834961,
          0.24147331714630127,
          0.9229717254638672,
          -17.147722244262695
        ],
        [
          -0.49840667843818665,
          -0.8646694421768188,
          0.06421683728694916,
          71.44154357910156
        ],
        [
          -0.8134969472885132,
          0.44070857763290405,
          -0.37971943616867065,
          7.010711193084717
        ]
      ],
      [
        [
          -0.3000013530254364,
          0.24147284030914307,
          0.9229720830917358,
          -16.618915557861328
        ],
        [
          -0.49840596318244934,
          -0.864669919013977,
          0.06421717256307602,
          68.93132019042969
        ],
        [
          -0.8134976625442505,
          0.4407079517841339,
          -0.37971851229667664,
          7.871530532836914
        ]
      ],
      [
        [
          -0.2571163773536682,
          0.23314112424850464,
          0.9379363059997559,
          -20.55318832397461
        ],
        [
          -0.030195612460374832,
          -0.9720239043235779,
          0.23333510756492615,
          71.94587707519531
        ],
        [
          -0.9660060405731201,
          -0.031670309603214264,
          -0.2569393813610077,
          5.694734573364258
        ]
      ],
      [
        [
          -0.2663106620311737,
          0.6022687554359436,
          0.7526876330375671,
          -19.853593826293945
        ],
        [
          -0.011599652469158173,
          -0.782828152179718,
          0.6222800016403198,
          69.02973175048828
        ],
        [
          -0.9639151692390442,
          -0.15697480738162994,
          -0.21544149518013,
          5.600266933441162
        ]
      ],
      [
        [
          -0.26639363169670105,
          0.6022316813468933,
          0.752688467502594,
          -18.198345184326172
        ],
        [
          -0.011490289121866226,
          -0.7828301191329956,
          0.6222801804542542,
          66.87805938720703
        ],
        [
          -0.9638935923576355,
          -0.15710870921611786,
          -0.2154407501220703,
          5.168353080749512
        ]
      ],
      [
        [
          -0.26639363169670105,
          0.6022316813468933,
          0.7526885867118835,
          -16.79254722595215
        ],
        [
          -0.011490237899124622,
          -0.7828301191329956,
          0.6222802996635437,
          65.05066680908203
        ],
        [
          -0.9638935923576355,
          -0.15710876882076263,
          -0.2154407501220703,
          4.801517963409424
        ]
      ],
      [
        [
          -0.2531221807003021,
          0.4447581470012665,
          0.8592479228973389,
          -21.20876693725586
        ],
        [
          -0.060198817402124405,
          -0.8936848640441895,
          0.44484782218933105,
          71.78718566894531
        ],
        [
          -0.9656569957733154,
          -0.06087011471390724,
          -0.25296199321746826,
          4.062863349914551
        ]
      ],
      [
        [
          -0.03802630305290222,
          0.6223464012145996,
          0.7819380164146423,
          -19.70519256591797
        ],
        [
          0.10907956957817078,
          -0.7752442955970764,
          0.6223217248916626,
          68.76702880859375
        ],
        [
          -0.9934001564979553,
          -0.10894856601953506,
          0.03840206190943718,
          3.8589773178100586
        ]
      ],
      [
        [
          -0.039889782667160034,
          0.6222290992736816,
          0.7819381356239319,
          -17.719627380371094
        ],
        [
          0.11144764721393585,
          -0.7749081254005432,
          0.6223198771476746,
          66.29398345947266
        ],
        [
          -0.9930641651153564,
          -0.11195948719978333,
          0.038431521505117416,
          3.5058670043945312
        ]
      ],
      [
        [
          -0.039889778941869736,
          0.6222290992736816,
          0.7819381356239319,
          -16.007078170776367
        ],
        [
          0.11144764721393585,
          -0.7749081254005432,
          0.6223198771476746,
          64.16100311279297
        ],
        [
          -0.9930641651153564,
          -0.11195948719978333,
          0.038431525230407715,
          3.2013444900512695
        ]
      ],
      [
        [
          -0.24786648154258728,
          0.5043335556983948,
          0.8272837400436401,
          -21.495149612426758
        ],
        [
          -0.06612326204776764,
          -0.8607401251792908,
          0.5049164295196533,
          71.66173553466797
        ],
        [
          -0.9666323661804199,
          -0.07044330984354019,
          -0.2466740608215332,
          2.3597686290740967
        ]
      ],
      [
        [
          -0.22219154238700867,
          0.7003625631332397,
          0.6784623861312866,
          -20.059144973754883
        ],
        [
          -0.09846426546573639,
          -0.7084112763404846,
          0.6990307569503784,
          69.21302795410156
        ],
        [
          -0.9701154828071594,
          -0.08850689232349396,
          -0.22634273767471313,
          2.1634912490844727
        ]
      ],
      [
        [
          -0.22133417427539825,
          0.7006454467773438,
          0.6784510016441345,
          -18.18162727355957
        ],
        [
          -0.09940222650766373,
          -0.708285391330719,
          0.6990258693695068,
          67.3136978149414
        ],
        [
          -0.9702157378196716,
          -0.08727140724658966,
          -0.226392462849617,
          1.925479769706726
        ]
      ],
      [
        [
          -0.22133417427539825,
          0.7006455063819885,
          0.6784509420394897,
          -16.58443260192871
        ],
        [
          -0.09940225630998611,
          -0.7082853317260742,
          0.6990259289741516,
          65.69795227050781
        ],
        [
          -0.9702157378196716,
          -0.08727140724658966,
          -0.2263924777507782,
          1.7229925394058228
        ]
      ],
      [
        [
          -0.22135807573795319,
          0.5932817459106445,
          0.7740841507911682,
          -21.922218322753906
        ],
        [
          -0.0408657044172287,
          -0.7987167239189148,
          0.6004734039306641,
          71.91917419433594
        ],
        [
          -0.9744320511817932,
          -0.10127750039100647,
          -0.20102885365486145,
          0.8167901635169983
        ]
      ],
      [
        [
          -0.08807865530252457,
          0.9326720237731934,
          0.35007554292678833,
          -20.450891494750977
        ],
        [
          -0.12041935324668884,
          -0.3588325083255768,
          0.9257020354270935,
          69.93817901611328
        ],
        [
          -0.988902747631073,
          -0.039376065135002136,
          -0.1439037024974823,
          0.5650936365127563
        ]
      ],
      [
        [
          -0.08982156217098236,
          0.9325064420700073,
          0.3500739634037018,
          -18.63127326965332
        ],
        [
          -0.11976712197065353,
          -0.35905617475509644,
          0.9257000684738159,
          69.23788452148438
        ],
        [
          -0.9888253808021545,
          -0.04121764749288559,
          -0.14392101764678955,
          0.4868999123573303
        ]
      ],
      [
        [
          -0.08982156962156296,
          0.9325064420700073,
          0.35007399320602417,
          -17.083572387695312
        ],
        [
          -0.11976711452007294,
          -0.35905617475509644,
          0.9257001876831055,
          68.64224243164062
        ],
        [
          -0.9888253808021545,
          -0.04121765121817589,
          -0.14392103254795074,
          0.4203852713108063
        ]
      ],
      [
        [
          0.0681922510266304,
          0.9051224589347839,
          -0.41986867785453796,
          2.5582151412963867
        ],
        [
          -0.19570589065551758,
          -0.40053918957710266,
          -0.8952401876449585,
          126.69095611572266
        ],
        [
          0.9783845543861389,
          -0.1432059407234192,
          -0.14981022477149963,
          1.4576869010925293
        ]
      ],
      [
        [
          -0.3525180220603943,
          0.26530784368515015,
          -0.8975133895874023,
          9.065804481506348
        ],
        [
          -0.21260470151901245,
          -0.9566962122917175,
          -0.19929808378219604,
          123.81119537353516
        ],
        [
          0.9114378094673157,
          -0.12054815143346786,
          -0.3936215043067932,
          0.4280766248703003
        ]
      ],
      [
        [
          -0.3549024164676666,
          0.1811695694923401,
          -0.9172834157943726,
          15.486970901489258
        ],
        [
          0.046994201838970184,
          -0.9764440059661865,
          -0.21103721857070923,
          100.65653991699219
        ],
        [
          0.9338220357894897,
          0.11799360066652298,
          -0.33799684047698975,
          -2.4895212650299072
        ]
      ],
      [
        [
          -0.11459086090326309,
          0.21284782886505127,
          -0.9704383611679077,
          19.399446487426758
        ],
        [
          0.02333746664226055,
          -0.9760271906852722,
          -0.2168295681476593,
          79.56959533691406
        ],
        [
          0.9932325482368469,
          0.04748990759253502,
          -0.10686631500720978,
          0.05862704664468765
        ]
      ],
      [
        [
          -0.2418408989906311,
          -0.10184856504201889,
          -0.9650519490242004,
          18.466018676757812
        ],
        [
          0.3461877703666687,
          -0.9381855726242065,
          0.012258698232471943,
          77.28141784667969
        ],
        [
          0.9065617918968201,
          0.3310936391353607,
          -0.2621256113052368,
          2.185250759124756
        ]
      ],
      [
        [
          -0.23920539021492004,
          -0.11354737728834152,
          -0.9644031524658203,
          18.09823989868164
        ],
        [
          0.4000539481639862,
          -0.9165531396865845,
          0.008686063811182976,
          75.02104187011719
        ],
        [
          0.8848305344581604,
          0.3836996257305145,
          -0.2646445035934448,
          3.4336087703704834
        ]
      ],
      [
        [
          -0.22117125988006592,
          -0.1431560516357422,
          -0.9647670984268188,
          17.7633113861084
        ],
        [
          0.5145919919013977,
          -0.8574942946434021,
          0.009269081056118011,
          72.19619750976562
        ],
        [
          0.8285325169563293,
          0.49436455965042114,
          -0.26329535245895386,
          4.5613932609558105
        ]
      ],
      [
        [
          -0.22117121517658234,
          -0.14315606653690338,
          -0.9647670388221741,
          17.47287368774414
        ],
        [
          0.5145920515060425,
          -0.8574942350387573,
          0.009269101545214653,
          69.7464599609375
        ],
        [
          0.8285323977470398,
          0.4943646490573883,
          -0.26329535245895386,
          5.539405822753906
        ]
      ],
      [
        [
          -0.14044511318206787,
          -0.23405200242996216,
          -0.9621230363845825,
          20.579303741455078
        ],
        [
          0.15247774124145508,
          -0.9652749300003052,
          0.21256116032600403,
          72.68629455566406
        ],
        [
          0.9783729314804077,
          0.11683816462755203,
          -0.1712397336959839,
          2.9414384365081787
        ]
      ],
      [
        [
          -0.14119268953800201,
          -0.6113932728767395,
          -0.7787483334541321,
          19.88915252685547
        ],
        [
          0.1436760574579239,
          -0.790954053401947,
          0.5949258208274841,
          69.8392333984375
        ],
        [
          0.979596734046936,
          0.027885686606168747,
          -0.19950056076049805,
          3.285050392150879
        ]
      ],
      [
        [
          -0.14410971105098724,
          -0.610718846321106,
          -0.7787434458732605,
          18.177085876464844
        ],
        [
          0.13997460901737213,
          -0.7916242480278015,
          0.5949171185493469,
          67.62251281738281
        ],
        [
          0.9797079563140869,
          0.023268770426511765,
          -0.1995469182729721,
          3.3577523231506348
        ]
      ],
      [
        [
          -0.14410969614982605,
          -0.6107190251350403,
          -0.7787432670593262,
          16.73269271850586
        ],
        [
          0.13997457921504974,
          -0.791624128818512,
          0.5949172973632812,
          65.75239562988281
        ],
        [
          0.9797079563140869,
          0.023268703371286392,
          -0.1995469033718109,
          3.4191603660583496
        ]
      ],
      [
        [
          -0.13111130893230438,
          -0.239230677485466,
          -0.9621661901473999,
          20.956375122070312
        ],
        [
          0.15188062191009521,
          -0.9639351963996887,
          0.2189740240573883,
          72.5243148803711
        ],
        [
          0.979759693145752,
          0.11741350591182709,
          -0.16270191967487335,
          1.245741605758667
        ]
      ],
      [
        [
          -0.1102093905210495,
          -0.6472100019454956,
          -0.7544260621070862,
          20.163043975830078
        ],
        [
          0.18404993414878845,
          -0.7592119574546814,
          0.6244288682937622,
          69.33404541015625
        ],
        [
          0.9768143892288208,
          0.07002771645784378,
          -0.20277217030525208,
          1.6435967683792114
        ]
      ],
      [
        [
          -0.10810264199972153,
          -0.6475831866264343,
          -0.7544102668762207,
          18.09902572631836
        ],
        [
          0.18673202395439148,
          -0.7585775852203369,
          0.6244031190872192,
          66.91283416748047
        ],
        [
          0.9765408635139465,
          0.07336614280939102,
          -0.20290972292423248,
          1.866874098777771
        ]
      ],
      [
        [
          -0.10810264199972153,
          -0.6475831866264343,
          -0.7544102668762207,
          16.35704231262207
        ],
        [
          0.18673202395439148,
          -0.7585775852203369,
          0.6244031190872192,
          64.86939239501953
        ],
        [
          0.9765408635139465,
          0.07336614280939102,
          -0.20290972292423248,
          2.055326223373413
        ]
      ],
      [
        [
          -0.03724640980362892,
          -0.25430476665496826,
          -0.9665029048919678,
          21.12548828125
        ],
        [
          0.13449953496456146,
          -0.9596518278121948,
          0.24731890857219696,
          72.23764038085938
        ],
        [
          0.9903077483177185,
          0.12077119946479797,
          -0.06994087249040604,
          -0.562194287776947
        ]
      ],
      [
        [
          0.02538171038031578,
          -0.9524423480033875,
          -0.30396655201911926,
          20.409439086914062
        ],
        [
          0.21748201549053192,
          -0.29152363538742065,
          0.931613564491272,
          69.53592681884766
        ],
        [
          0.9758301973342896,
          0.08974482864141464,
          -0.19972091913223267,
          -0.22067956626415253
        ]
      ],
      [
        [
          0.025912269949913025,
          -0.9524282813072205,
          -0.3039660155773163,
          17.803857803344727
        ],
        [
          0.21764877438545227,
          -0.2914017140865326,
          0.9316120743751526,
          68.73839569091797
        ],
        [
          0.9757789969444275,
          0.0902896523475647,
          -0.19972501695156097,
          0.02477281726896763
        ]
      ],
      [
        [
          0.02591228112578392,
          -0.9524283409118652,
          -0.3039659261703491,
          15.562580108642578
        ],
        [
          0.21764877438545227,
          -0.29140162467956543,
          0.9316121339797974,
          68.05237579345703
        ],
        [
          0.9757789969444275,
          0.0902896374464035,
          -0.19972503185272217,
          0.235840305685997
        ]
      ],
      [
        [
          -0.07192880660295486,
          -0.3515344262123108,
          -0.9335072040557861,
          21.172147750854492
        ],
        [
          0.09580099582672119,
          -0.9340401887893677,
          0.3443533778190613,
          72.23003387451172
        ],
        [
          0.9928930997848511,
          0.06465599685907364,
          -0.10085219889879227,
          -1.999069333076477
        ]
      ],
      [
        [
          0.05920315533876419,
          -0.9970181584358215,
          -0.05133863911032677,
          20.3111629486084
        ],
        [
          0.2369823157787323,
          -0.035924166440963745,
          0.9709464311599731,
          69.94219970703125
        ],
        [
          0.9698055386543274,
          0.06964313983917236,
          -0.2341269999742508,
          -1.8414047956466675
        ]
      ],
      [
        [
          0.05156008526682854,
          -0.9974423050880432,
          -0.051342882215976715,
          18.350595474243164
        ],
        [
          0.2367953211069107,
          -0.0377374105155468,
          0.9709232449531555,
          69.87005615234375
        ],
        [
          0.970287561416626,
          0.062213022261857986,
          -0.23422209918498993,
          -1.710693120956421
        ]
      ],
      [
        [
          0.051560163497924805,
          -0.997442364692688,
          -0.05134207382798195,
          16.742979049682617
        ],
        [
          0.2367953062057495,
          -0.03773660585284233,
          0.9709233045578003,
          69.81090545654297
        ],
        [
          0.970287561416626,
          0.062212903052568436,
          -0.2342221438884735,
          -1.6035053730010986
        ]
      ],
      [
        [
          0.9945559501647949,
          0.027422582730650902,
          -0.10150782763957977,
          -7.2978949546813965
        ],
        [
          0.050944238901138306,
          -0.9702633619308472,
          0.23702648282051086,
          90.80552673339844
        ],
        [
          0.09198200702667236,
          0.24088381230831146,
          0.9662822484970093,
          1.0085543394088745
        ]
      ],
      [
        [
          0.988802433013916,
          0.13504290580749512,
          -0.06505007296800613,
          -6.684797763824463
        ],
        [
          0.11253418773412704,
          -0.955502986907959,
          -0.2730160057544708,
          55.69832992553711
        ],
        [
          0.09901630878448486,
          -0.2626118063926697,
          0.9599052667617798,
          9.776103973388672
        ]
      ],
      [
        [
          0.9993221163749695,
          -0.0394209548830986,
          -0.0005223961779847741,
          -0.4372996687889099
        ],
        [
          -0.024615095928311348,
          -0.6342321634292603,
          0.7728721499443054,
          11.493831634521484
        ],
        [
          0.030797410756349564,
          0.7722583413124084,
          0.6347092986106873,
          -2.37312650680542
        ]
      ],
      [
        [
          0.9975602030754089,
          -0.06846495717763901,
          -0.019570864737033844,
          -1.0825647115707397
        ],
        [
          0.024806106463074684,
          0.07648314535617828,
          0.9968564510345459,
          1.1123394966125488
        ],
        [
          0.06674792617559433,
          0.9948121309280396,
          -0.07798730581998825,
          10.267656326293945
        ]
      ],
      [
        [
          0.9975602030754089,
          -0.0684649720788002,
          -0.01957058161497116,
          -1.5388844013214111
        ],
        [
          0.024805817753076553,
          0.07648307830095291,
          0.9968565702438354,
          1.622101068496704
        ],
        [
          0.06674795597791672,
          0.9948122501373291,
          -0.07798722386360168,
          16.89809799194336
        ]
      ],
      [
        [
          0.9742130637168884,
          0.19712324440479279,
          0.11067400872707367,
          5.910260200500488
        ],
        [
          0.11493947356939316,
          -0.8535053133964539,
          0.5084342360496521,
          90.64187622070312
        ],
        [
          -0.19466762244701385,
          0.4825543761253357,
          0.8540691137313843,
          0.08237337321043015
        ]
      ],
      [
        [
          0.977856457233429,
          -0.06994107365608215,
          0.19774307310581207,
          13.46037769317627
        ],
        [
          0.04015244543552399,
          -0.8629979491233826,
          -0.5037955045700073,
          60.05375289916992
        ],
        [
          -0.20586936175823212,
          -0.5005304217338562,
          0.8409966230392456,
          17.894386291503906
        ]
      ],
      [
        [
          0.9861304759979248,
          -0.03900520130991936,
          0.1619320809841156,
          10.22536849975586
        ],
        [
          -0.087128184735775,
          -0.9494494199752808,
          0.3018951416015625,
          20.1372013092041
        ],
        [
          -0.1419587880373001,
          0.31178605556488037,
          0.939587414264679,
          -5.256818771362305
        ]
      ],
      [
        [
          0.9868958592414856,
          0.11071836203336716,
          0.11821405589580536,
          9.567607879638672
        ],
        [
          -0.04600220173597336,
          -0.5082627534866333,
          0.8600812554359436,
          4.12624979019165
        ],
        [
          -0.15529708564281464,
          0.8541646599769592,
          0.496460884809494,
          0.0009581654448993504
        ]
      ],
      [
        [
          0.9868957996368408,
          0.11071863025426865,
          0.11821408569812775,
          10.306937217712402
        ],
        [
          -0.04600207135081291,
          -0.5082628726959229,
          0.8600811958312988,
          0.732292115688324
        ],
        [
          -0.15529733896255493,
          0.8541645407676697,
          0.4964609742164612,
          5.70469856262207
        ]
      ]
    ],
    [
      [
        [
          -0.997567892074585,
          0.009449935518205166,
          0.07040354609489441,
          -0.5790150761604309
        ],
        [
          0.012359831482172012,
          0.999176025390625,
          0.04101528599858284,
          99.55162048339844
        ],
        [
          0.0699513852596283,
          -0.04178178682923317,
          0.9967691898345947,
          0.622818112373352
        ]
      ],
      [
        [
          -0.9965094327926636,
          -0.004854249302297831,
          0.08445700258016586,
          -0.527911365032196
        ],
        [
          -0.004189104773104191,
          1.000052571296692,
          0.008051683194935322,
          105.19137573242188
        ],
        [
          0.08449260890483856,
          -0.0076690553687512875,
          0.9964888095855713,
          0.35510364174842834
        ]
      ],
      [
        [
          -0.9934001564979553,
          -0.014131919480860233,
          0.11464717239141464,
          -0.5598853230476379
        ],
        [
          -0.022127723321318626,
          0.9974804520606995,
          -0.06877948343753815,
          111.77851867675781
        ],
        [
          0.1133757010102272,
          0.07085580378770828,
          0.9911171793937683,
          0.3045891225337982
        ]
      ],
      [
        [
          -0.9892517924308777,
          -0.020993536338210106,
          0.145353764295578,
          -0.666266679763794
        ],
        [
          -0.04222913458943367,
          0.9886823296546936,
          -0.14460791647434235,
          119.28729248046875
        ],
        [
          0.14065970480442047,
          0.14917786419391632,
          0.9788507223129272,
          0.8379728198051453
        ]
      ],
      [
        [
          -0.9921693801879883,
          -0.03858604654669762,
          0.11957722157239914,
          -0.8440549373626709
        ],
        [
          -0.03184158354997635,
          0.9979134798049927,
          0.05781446024775505,
          127.66016387939453
        ],
        [
          0.1215471401810646,
          -0.05354916676878929,
          0.9912348389625549,
          2.101317882537842
        ]
      ],
      [
        [
          -0.9998359680175781,
          -0.013237633742392063,
          0.01844603382050991,
          -1.2141135931015015
        ],
        [
          -0.013994083739817142,
          0.9991340637207031,
          -0.041505444794893265,
          133.5795440673828
        ],
        [
          0.017878951504826546,
          0.04175286740064621,
          0.9990618228912354,
          0.6312828660011292
        ]
      ],
      [
        [
          -0.9998359680175781,
          -0.013237633742392063,
          0.01844603382050991,
          -1.5795222520828247
        ],
        [
          -0.013994083739817142,
          0.9991340637207031,
          -0.041505444794893265,
          155.48391723632812
        ],
        [
          0.017878951504826546,
          0.04175286740064621,
          0.9990618228912354,
          -2.6584603786468506
        ]
      ],
      [
        [
          -0.16080564260482788,
          -0.900669515132904,
          0.4038843512535095,
          -4.20092248916626
        ],
        [
          0.22908148169517517,
          -0.4320882558822632,
          -0.8723582625389099,
          126.40586853027344
        ],
        [
          -0.9601306319236755,
          0.04775305837392807,
          -0.2757834196090698,
          2.396716594696045
        ]
      ],
      [
        [
          -0.4367792308330536,
          -0.26110461354255676,
          0.8609501719474792,
          -10.676446914672852
        ],
        [
          0.23262004554271698,
          -0.9572800993919373,
          -0.1723068356513977,
          123.29928588867188
        ],
        [
          -0.8690795302391052,
          -0.12500278651714325,
          -0.47881385684013367,
          2.740044116973877
        ]
      ],
      [
        [
          -0.48016196489334106,
          -0.11324386298656464,
          0.8699470162391663,
          -16.996116638183594
        ],
        [
          -0.08280622214078903,
          -0.981447696685791,
          -0.17346400022506714,
          100.12967681884766
        ],
        [
          -0.8733696937561035,
          0.15531308948993683,
          -0.46183422207832336,
          -0.285469114780426
        ]
      ],
      [
        [
          -0.2537758946418762,
          -0.25447872281074524,
          0.9332879781723022,
          -19.441638946533203
        ],
        [
          0.04373926296830177,
          -0.9668993353843689,
          -0.25175145268440247,
          78.93521881103516
        ],
        [
          -0.9663705229759216,
          0.023064734414219856,
          -0.256483256816864,
          3.068538188934326
        ]
      ],
      [
        [
          -0.33784669637680054,
          0.19608375430107117,
          0.9206511974334717,
          -18.398330688476562
        ],
        [
          -0.34123703837394714,
          -0.9371304512023926,
          0.0743698999285698,
          76.53398895263672
        ],
        [
          -0.8772711157798767,
          0.2890072762966156,
          -0.3834819793701172,
          4.906205654144287
        ]
      ],
      [
        [
          -0.3315820097923279,
          0.20082443952560425,
          0.9219053983688354,
          -17.754772186279297
        ],
        [
          -0.3829602301120758,
          -0.9217121601104736,
          0.06304150819778442,
          74.32315063476562
        ],
        [
          -0.8623123168945312,
          0.3321182131767273,
          -0.3824954926967621,
          6.02250337600708
        ]
      ],
      [
        [
          -0.3000020980834961,
          0.24147331714630127,
          0.9229717254638672,
          -17.147722244262695
        ],
        [
          -0.49840667843818665,
          -0.8646694421768188,
          0.06421683728694916,
          71.44154357910156
        ],
        [
          -0.8134969472885132,
          0.44070857763290405,
          -0.37971943616867065,
          7.010711193084717
        ]
      ],
      [
        [
          -0.3000013530254364,
          0.24147284030914307,
          0.9229720830917358,
          -16.618915557861328
        ],
        [
          -0.49840596318244934,
          -0.864669919013977,
          0.06421717256307602,
          68.93132019042969
        ],
        [
          -0.8134976625442505,
          0.4407079517841339,
          -0.37971851229667664,
          7.871530532836914
        ]
      ],
      [
        [
          -0.2571163773536682,
          0.23314112424850464,
          0.9379363059997559,
          -20.55318832397461
        ],
        [
          -0.030195612460374832,
          -0.9720239043235779,
          0.23333510756492615,
          71.94587707519531
        ],
        [
          -0.9660060405731201,
          -0.031670309603214264,
          -0.2569393813610077,
          5.694734573364258
        ]
      ],
      [
        [
          -0.2663106620311737,
          0.6022687554359436,
          0.7526876330375671,
          -19.853593826293945
        ],
        [
          -0.011599652469158173,
          -0.782828152179718,
          0.6222800016403198,
          69.02973175048828
        ],
        [
          -0.9639151692390442,
          -0.15697480738162994,
          -0.21544149518013,
          5.600266933441162
        ]
      ],
      [
        [
          -0.26639363169670105,
          0.6022316813468933,
          0.752688467502594,
          -18.198345184326172
        ],
        [
          -0.011490289121866226,
          -0.7828301191329956,
          0.6222801804542542,
          66.87805938720703
        ],
        [
          -0.9638935923576355,
          -0.15710870921611786,
          -0.2154407501220703,
          5.168353080749512
        ]
      ],
      [
        [
          -0.26639363169670105,
          0.6022316813468933,
          0.7526885867118835,
          -16.79254722595215
        ],
        [
          -0.011490237899124622,
          -0.7828301191329956,
          0.6222802996635437,
          65.05066680908203
        ],
        [
          -0.9638935923576355,
          -0.15710876882076263,
          -0.2154407501220703,
          4.801517963409424
        ]
      ],
      [
        [
          -0.2531221807003021,
          0.4447581470012665,
          0.8592479228973389,
          -21.20876693725586
        ],
        [
          -0.060198817402124405,
          -0.8936848640441895,
          0.44484782218933105,
          71.78718566894531
        ],
        [
          -0.9656569957733154,
          -0.06087011471390724,
          -0.25296199321746826,
          4.062863349914551
        ]
      ],
      [
        [
          -0.03802630305290222,
          0.6223464012145996,
          0.7819380164146423,
          -19.70519256591797
        ],
        [
          0.10907956957817078,
          -0.7752442955970764,
          0.6223217248916626,
          68.76702880859375
        ],
        [
          -0.9934001564979553,
          -0.10894856601953506,
          0.03840206190943718,
          3.8589773178100586
        ]
      ],
      [
        [
          -0.039889782667160034,
          0.6222290992736816,
          0.7819381356239319,
          -17.719627380371094
        ],
        [
          0.11144764721393585,
          -0.7749081254005432,
          0.6223198771476746,
          66.29398345947266
        ],
        [
          -0.9930641651153564,
          -0.11195948719978333,
          0.038431521505117416,
          3.5058670043945312
        ]
      ],
      [
        [
          -0.039889778941869736,
          0.6222290992736816,
          0.7819381356239319,
          -16.007078170776367
        ],
        [
          0.11144764721393585,
          -0.7749081254005432,
          0.6223198771476746,
          64.16100311279297
        ],
        [
          -0.9930641651153564,
          -0.11195948719978333,
          0.038431525230407715,
          3.2013444900512695
        ]
      ],
      [
        [
          -0.24786648154258728,
          0.5043335556983948,
          0.8272837400436401,
          -21.495149612426758
        ],
        [
          -0.06612326204776764,
          -0.8607401251792908,
          0.5049164295196533,
          71.66173553466797
        ],
        [
          -0.9666323661804199,
          -0.07044330984354019,
          -0.2466740608215332,
          2.3597686290740967
        ]
      ],
      [
        [
          -0.22219154238700867,
          0.7003625631332397,
          0.6784623861312866,
          -20.059144973754883
        ],
        [
          -0.09846426546573639,
          -0.7084112763404846,
          0.6990307569503784,
          69.21302795410156
        ],
        [
          -0.9701154828071594,
          -0.08850689232349396,
          -0.22634273767471313,
