{
  "P": [
    [
      [
        [
          0.997817873954773,
          -0.06602678447961807,
          6.497771209978964e-09,
          0.012604471296072006
        ],
        [
          0.06602677702903748,
          0.9978177547454834,
          2.3183855546449195e-07,
          -2.722564458847046
        ],
        [
          -1.2315762631942562e-08,
          -1.4373317469562608e-07,
          1.0,
          -2.4679351895429136e-07
        ]
      ],
      [
        [
          0.4379250407218933,
          0.8990114331245422,
          2.3699852746972283e-08,
          0.7247567772865295
        ],
        [
          -0.8990113139152527,
          0.4379250109195709,
          -5.272729453054126e-08,
          -0.9347853660583496
        ],
        [
          -1.349199720834804e-07,
          4.347453597119966e-08,
          1.0,
          -2.1885192325044045e-07
        ]
      ],
      [
        [
          0.159799724817276,
          0.9871493577957153,
          2.0783517129530082e-08,
          2.090632915496826
        ],
        [
          -0.9871492981910706,
          0.159799724817276,
          -2.9659204869858513e-08,
          -0.2694418430328369
        ],
        [
          -1.1848825920424133e-07,
          1.8740911045256325e-09,
          1.0,
          -1.5280065213119087e-07
        ]
      ],
      [
        [
          0.06626228243112564,
          0.9978021383285522,
          1.911746494442923e-08,
          3.406716823577881
        ],
        [
          -0.9978020787239075,
          0.06626228988170624,
          3.220836930495352e-08,
          -0.056394338607788086
        ],
        [
          -5.6297409400940523e-08,
          -1.1713681580260982e-08,
          1.0,
          -1.5030202860089048e-07
        ]
      ],
      [
        [
          0.46588456630706787,
          -0.884845495223999,
          -3.717796204227852e-08,
          -0.7121524214744568
        ],
        [
          0.8848453164100647,
          0.4658845067024231,
          -4.9329848650359054e-08,
          -1.0797367095947266
        ],
        [
          1.4021097172189911e-07,
          2.7626336773778348e-08,
          1.0,
          -2.3199142162866337e-07
        ]
      ],
      [
        [
          0.11138778924942017,
          -0.9937770366668701,
          -3.352049304794491e-08,
          -2.074748992919922
        ],
        [
          0.993776798248291,
          0.11138784885406494,
          -6.944612351844626e-08,
          -0.36230921745300293
        ],
        [
          1.60220480438511e-07,
          -1.9494311942480635e-08,
          1.0,
          -1.8944894009109703e-07
        ]
      ],
      [
        [
          -0.17070022225379944,
          -0.9853230118751526,
          -2.7949845105013083e-08,
          -3.4229273796081543
        ],
        [
          0.9853228330612183,
          -0.17070016264915466,
          -4.4974498791816586e-08,
          -0.2111983299255371
        ],
        [
          1.25231991887631e-07,
          -5.3815949030422416e-08,
          1.0,
          -2.158953691377974e-07
        ]
      ],
      [
        [
          0.4045950472354889,
          -0.9144959449768066,
          2.4001009180096844e-08,
          -0.025208931416273117
        ],
        [
          0.9144958853721619,
          0.4045950472354889,
          4.284623500439011e-08,
          -2.151116371154785
        ],
        [
          3.27184679349557e-08,
          3.667551595754048e-08,
          1.0,
          -3.2910921277107263e-07
        ]
      ],
      [
        [
          0.47110840678215027,
          0.8820752501487732,
          5.114203105449633e-08,
          -0.025208931416273117
        ],
        [
          -0.8820751309394836,
          0.4711082875728607,
          -9.187085225903502e-08,
          -2.151116371154785
        ],
        [
          -1.8066276652461966e-07,
          4.270477305112763e-08,
          1.0,
          -3.2910921277107263e-07
        ]
      ]
    ],
    [
      [
        [
          0.997817873954773,
          -0.06602678447961807,
          6.497771209978964e-09,
          0.012604471296072006
        ],
        [
          0.06602677702903748,
          0.9978177547454834,
          2.3183855546449195e-07,
          -2.722564458847046
        ],
        [
          -1.2315762631942562e-08,
          -1.4373317469562608e-07,
          1.0,
          -2.4679351895429136e-07
        ]
      ],
      [
        [
          0.4379250407218933,
          0.8990114331245422,
          2.3699852746972283e-08,
          0.7247567772865295
        ],
        [
          -0.8990113139152527,
          0.4379250109195709,
          -5.272729453054126e-08,
          -0.9347853660583496
        ],
        [
          -1.349199720834804e-07,
          4.347453597119966e-08,
          1.0,
          -2.1885192325044045e-07
        ]
      ],
      [
        [
          0.159799724817276,
          0.9871493577957153,
          2.0783517129530082e-08,
          2.090632915496826
        ],
        [
          -0.9871492981910706,
          0.159799724817276,
          -2.9659204869858513e-08,
          -0.2694418430328369
        ],
        [
          -1.1848825920424133e-07,
          1.8740911045256325e-09,
          1.0,
          -1.5280065213119087e-07
        ]
      ],
      [
        [
          0.06626228243112564,
          0.9978021383285522,
          1.911746494442923e-08,
          3.406716823577881
        ],
        [
          -0.9978020787239075,
          0.06626228988170624,
          3.220836930495352e-08,
          -0.056394338607788086
        ],
        [
          -5.6297409400940523e-08,
          -1.1713681580260982e-08,
          1.0,
          -1.5030202860089048e-07
        ]
      ],
      [
        [
          0.46588456630706787,
          -0.884845495223999,
          -3.717796204227852e-08,
          -0.7121524214744568
        ],
        [
          0.8848453164100647,
          0.4658845067024231,
          -4.9329848650359054e-08,
          -1.0797367095947266
        ],
        [
          1.4021097172189911e-07,
          2.7626336773778348e-08,
          1.0,
          -2.3199142162866337e-07
        ]
      ],
      [
        [
          0.11138778924942017,
          -0.9937770366668701,
          -3.352049304794491e-08,
          -2.074748992919922
        ],
        [
          0.993776798248291,
          0.11138784885406494,
          -6.944612351844626e-08,
          -0.36230921745300293
        ],
        [
          1.60220480438511e-07,
          -1.9494311942480635e-08,
          1.0,
          -1.8944894009109703e-07
        ]
      ],
      [
        [
          -0.17070022225379944,
          -0.9853230118751526,
          -2.7949845105013083e-08,
          -3.4229273796081543
        ],
        [
          0.9853228330612183,
          -0.17070016264915466,
          -4.4974498791816586e-08,
          -0.2111983299255371
        ],
        [
          1.25231991887631e-07,
          -5.3815949030422416e-08,
          1.0,
          -2.158953691377974e-07
        ]
      ],
      [
        [
          0.4045950472354889,
          -0.9144959449768066,
          2.4001009180096844e-08,
          -0.025208931416273117
        ],
        [
          0.9144958853721619,
          0.4045950472354889,
          4.284623500439011e-08,
          -2.151116371154785
        ],
        [
          3.27184679349557e-08,
          3.667551595754048e-08,
          1.0,
          -3.2910921277107263e-07
        ]
      ],
      [
        [
          0.47110840678215027,
          0.8820752501487732,
          5.114203105449633e-08,
          -0.025208931416273117
        ],
        [
          -0.8820751309394836,
          0.4711082875728607,
          -9.187085225903502e-08,
          -2.151116371154785
        ],
        [
          -1.8066276652461966e-07,
          4.270477305112763e-08,
          1.0,
          -3.2910921277107263e-07
        ]
      ]
    ],
    [
      [
        [
          0.997817873954773,
          -0.06602678447961807,
          6.497771209978964e-09,
          0.012604471296072006
        ],
        [
          0.06602677702903748,
          0.9978177547454834,
          2.3183855546449195e-07,
          -2.722564458847046
        ],
        [
          -1.2315762631942562e-08,
          -1.4373317469562608e-07,
          1.0,
          -2.4679351895429136e-07
        ]
      ],
      [
        [
          0.44571319222450256,
          0.8951756358146667,
          2.394411957595821e-08,
          0.7247567772865295
        ],
        [
          -0.8951755166053772,
          0.4457131624221802,
          -5.269050973311096e-08,
          -0.9347853660583496
        ],
        [
          -1.3461341552556405e-07,
          4.440912704239963e-08,
          1.0,
          -2.1885192325044045e-07
        ]
      ],
      [
        [
          0.1683635711669922,
          0.9857248067855835,
          2.082762939892291e-08,
          2.0848052501678467
        ],
        [
          -0.985724687576294,
          0.1683635711669922,
          -2.964861067766833e-08,
          -0.25760912895202637
        ],
        [
          -1.1846451286601223e-07,
          2.8573801102993457e-09,
          1.0,
          -1.5138073194975732e-07
        ]
      ],
      [
        [
          0.07492213696241379,
          0.9971892237663269,
          1.8624540132350376e-08,
          3.3989899158477783
        ],
        [
          -0.9971891045570374,
          0.07492214441299438,
          3.220216271415666e-08,
          -0.033144235610961914
        ],
        [
          -5.636623257032625e-08,
          -1.0732515320910352e-08,
          1.0,
          -1.4757114286112483e-07
        ]
      ],
      [
        [
          0.4728846251964569,
          -0.8811243772506714,
          -3.738378140383247e-08,
          -0.7121524214744568
        ],
        [
          0.8811241984367371,
          0.47288447618484497,
          -4.927838404000795e-08,
          -1.0797367095947266
        ],
        [
          1.4003953197061492e-07,
          2.8531314200108682e-08,
          1.0,
          -2.3199142162866337e-07
        ]
      ],
      [
        [
          0.11926254630088806,
          -0.9928628206253052,
          -3.388590030795058e-08,
          -2.069018602371216
        ],
        [
          0.9928625226020813,
          0.11926251649856567,
          -6.94230237741067e-08,
          -0.351529598236084
        ],
        [
          1.6039064121287083e-07,
          -1.8589092931620144e-08,
          1.0,
          -1.8805535262345074e-07
        ]
      ],
      [
        [
          -0.16288362443447113,
          -0.9866453409194946,
          -2.8121425188487592e-08,
          -3.415956735610962
        ],
        [
          0.9866450428962708,
          -0.16288365423679352,
          -4.4996326664659136e-08,
          -0.18973588943481445
        ],
        [
          1.2564828466565814e-07,
          -5.299432004335358e-08,
          1.0,
          -2.132737222382275e-07
        ]
      ],
      [
        [
          0.4045950472354889,
          -0.9144959449768066,
          2.4001009180096844e-08,
          -0.025208931416273117
        ],
        [
          0.9144958853721619,
          0.4045950472354889,
          4.284623500439011e-08,
          -2.151116371154785
        ],
        [
          3.27184679349557e-08,
          3.667551595754048e-08,
          1.0,
          -3.2910921277107263e-07
        ]
      ],
      [
        [
          0.47110840678215027,
          0.8820752501487732,
          5.114203105449633e-08,
          -0.025208931416273117
        ],
        [
          -0.8820751309394836,
          0.4711082875728607,
          -9.187085225903502e-08,
          -2.151116371154785
        ],
        [
          -1.8066276652461966e-07,
          4.270477305112763e-08,
          1.0,
          -3.2910921277107263e-07
        ]
      ]
    ],
    [
      [
        [
          0.997817873954773,
          -0.06602678447961807,
          6.497771209978964e-09,
          0.012604471296072006
        ],
        [
          0.06602677702903748,
          0.9978177547454834,
          2.3183855546449195e-07,
          -2.722564458847046
        ],
        [
          -1.2315762631942562e-08,
          -1.4373317469562608e-07,
          1.0,
          -2.4679351895429136e-07
        ]
      ],
      [
        [
          0.4678632318973541,
          0.8838008046150208,
          2.4642865525947855e-08,
          0.7247567772865295
        ],
        [
          -0.8838006854057312,
          0.46786317229270935,
          -5.2573284392565256e-08,
          -0.9347853660583496
        ],
        [
          -1.3368928364343446e-07,
          4.7074586007056496e-08,
          1.0,
          -2.1885192325044045e-07
        ]
      ],
      [
        [
          0.19285404682159424,
          0.9812273979187012,
          2.0953640600396284e-08,
          2.067523241043091
        ],
        [
          -0.9812272787094116,
          0.19285401701927185,
          -2.961611755836202e-08,
          -0.22395658493041992
        ],
        [
          -1.1834906388230593e-07,
          5.676134229304353e-09,
          1.0,
          -1.473310646815662e-07
        ]
      ],
      [
        [
          0.09972701221704483,
          0.9950147867202759,
          1.7211267078209858e-08,
          3.375711679458618
        ],
        [
          -0.9950146675109863,
          0.09972699731588364,
          3.216063149125148e-08,
          0.033159494400024414
        ],
        [
          -5.6516370250392356e-08,
          -7.915395450197593e-09,
          1.0,
          -1.3976348611777212e-07
        ]
      ],
      [
        [
          0.4927791953086853,
          -0.8701545596122742,
          -3.7971279454040996e-08,
          -0.7121524214744568
        ],
        [
          0.8701544404029846,
          0.49277907609939575,
          -4.912188700245679e-08,
          -1.0797367095947266
        ],
        [
          1.3950858601674554e-07,
          3.111691526669347e-08,
          1.0,
          -2.3199142162866337e-07
        ]
      ],
      [
        [
          0.14178672432899475,
          -0.9898974299430847,
          -3.493192579639981e-08,
          -2.052125930786133
        ],
        [
          0.9898971915245056,
          0.14178669452667236,
          -6.934079266329718e-08,
          -0.3208935260772705
        ],
        [
          1.60838467877511e-07,
          -1.5987810186857132e-08,
          1.0,
          -1.840737127167813e-07
        ]
      ],
      [
        [
          -0.14042791724205017,
          -0.99009108543396,
          -2.8614035585405873e-08,
          -3.3950412273406982
        ],
        [
          0.9900908470153809,
          -0.14042794704437256,
          -4.50513510941164e-08,
          -0.12854290008544922
        ],
        [
          1.268050624503303e-07,
          -5.062174679437703e-08,
          1.0,
          -2.0576314341269608e-07
        ]
      ],
      [
        [
          0.4045950472354889,
          -0.9144959449768066,
          2.4001009180096844e-08,
          -0.025208931416273117
        ],
        [
          0.9144958853721619,
          0.4045950472354889,
          4.284623500439011e-08,
          -2.151116371154785
        ],
        [
          3.27184679349557e-08,
          3.667551595754048e-08,
          1.0,
          -3.2910921277107263e-07
        ]
      ],
      [
        [
          0.47110840678215027,
          0.8820752501487732,
          5.114203105449633e-08,
          -0.025208931416273117
        ],
        [
          -0.8820751309394836,
          0.4711082875728607,
          -9.187085225903502e-08,
          -2.151116371154785
        ],
        [
          -1.8066276652461966e-07,
          4.270477305112763e-08,
          1.0,
          -3.2910921277107263e-07
        ]
      ]
    ],
    [
      [
        [
          0.997817873954773,
          -0.06602678447961807,
          6.497771209978964e-09,
          0.012604471296072006
        ],
        [
          0.06602677702903748,
          0.9978177547454834,
          2.3183855546449195e-07,
          -2.722564458847046
        ],
        [
          -1.2315762631942562e-08,
          -1.4373317469562608e-07,
          1.0,
          -2.4679351895429136e-07
        ]
      ],
      [
        [
          0.5024174451828003,
          0.8646251559257507,
          2.5745251264197577e-08,
          0.7247567772865295
        ],
        [
          -0.8646250367164612,
          0.5024173259735107,
          -5.235160216443546e-08,
          -0.9347853660583496
        ],
        [
          -1.3208713767198788e-07,
          5.125544433326468e-08,
          1.0,
          -2.1885192325044045e-07
        ]
      ],
      [
        [
          0.23147238790988922,
          0.9728414416313171,
          2.115185537832076e-08,
          2.0383896827697754
        ],
        [
          -0.9728413224220276,
          0.23147229850292206,
          -2.955813016569664e-08,
          -0.17145800590515137
        ],
        [
          -1.1802183053077897e-07,
          1.0141492978732458e-08,
          1.0,
          -1.4097905420840107e-07
        ]
      ],
      [
        [
          0.13896283507347107,
          0.9902975559234619,
          1.4971565320820446e-08,
          3.335397958755493
        ],
        [
          -0.9902974367141724,
          0.1389627456665039,
          3.202251974698811e-08,
          0.1371445655822754
        ],
        [
          -5.661050650473953e-08,
          -3.439053042342266e-09,
          1.0,
          -1.2745819333304098e-07
        ]
      ],
      [
        [
          0.5237800478935242,
          -0.8518535494804382,
          -3.889452315775088e-08,
          -0.7121524214744568
        ],
        [
          0.8518533706665039,
          0.5237799882888794,
          -4.8846651168332755e-08,
          -1.0797367095947266
        ],
        [
          1.3854727853868098e-07,
          3.5187571967298936e-08,
          1.0,
          -2.3199142162866337e-07
        ]
      ],
      [
        [
          0.1773250699043274,
          -0.9841523766517639,
          -3.658489688973532e-08,
          -2.0239439010620117
        ],
        [
          0.9841521978378296,
          0.17732512950897217,
          -6.916184958072336e-08,
          -0.27315425872802734
        ],
        [
          1.6142671199759207e-07,
          -1.1846755576527812e-08,
          1.0,
          -1.778052194367774e-07
        ]
      ],
      [
        [
          -0.10469970107078552,
          -0.994503915309906,
          -2.939682985925174e-08,
          -3.359065294265747
        ],
        [
          0.9945037364959717,
          -0.10469964146614075,
          -4.511555573571968e-08,
          -0.03259158134460449
        ],
        [
          1.285268638184789e-07,
          -4.6809951470550004e-08,
          1.0,
          -1.9387681504667853e-07
        ]
      ],
      [
        [
          0.4045950472354889,
          -0.9144959449768066,
          2.4001009180096844e-08,
          -0.025208931416273117
        ],
        [
          0.9144958853721619,
          0.4045950472354889,
          4.284623500439011e-08,
          -2.151116371154785
        ],
        [
          3.27184679349557e-08,
          3.667551595754048e-08,
          1.0,
          -3.2910921277107263e-07
        ]
      ],
      [
        [
          0.47110840678215027,
          0.8820752501487732,
          5.114203105449633e-08,
          -0.025208931416273117
        ],
        [
          -0.8820751309394836,
          0.4711082875728607,
          -9.187085225903502e-08,
          -2.151116371154785
        ],
        [
          -1.8066276652461966e-07,
          4.270477305112763e-08,
          1.0,
          -3.2910921277107263e-07
        ]
      ]
    ],
    [
      [
        [
          0.997817873954773,
          -0.06602678447961807,
          6.497771209978964e-09,
          0.012604471296072006
        ],
        [
          0.06602677702903748,
          0.9978177547454834,
          2.3183855546449195e-07,
          -2.722564458847046
        ],
        [
          -1.2315762631942562e-08,
          -1.4373317469562608e-07,
          1.0,
          -2.4679351895429136e-07
        ]
      ],
      [
        [
          0.5471879243850708,
          0.8370096683502197,
          2.7197476271112464e-08,
          0.7247567772865295
        ],
        [
          -0.8370095491409302,
          0.547187864780426,
          -5.198925379090724e-08,
          -0.9347853660583496
        ],
        [
          -1.29700509887698e-07,
          5.671642355764561e-08,
          1.0,
          -2.1885192325044045e-07
        ]
      ],
      [
        [
          0.2823082208633423,
          0.9593236446380615,
          2.1411858952546936e-08,
          1.9964330196380615
        ],
        [
          -0.959323525428772,
          0.2823081910610199,
          -2.946885757637574e-08,
          -0.10343790054321289
        ],
        [
          -1.1731302151929413e-07,
          1.6058908869354127e-08,
          1.0,
          -1.3268213194805867e-07
        ]
      ],
      [
        [
          0.1908445656299591,
          0.9816201329231262,
          1.2001950544515694e-08,
          3.275419235229492
        ],
        [
          -0.9816200137138367,
          0.1908445507287979,
          3.170160667309574e-08,
          0.27293992042541504
        ],
        [
          -5.6461285424802554e-08,
          2.5187958385686215e-09,
          1.0,
          -1.1127207244499004e-07
        ]
      ],
      [
        [
          0.5639033913612366,
          -0.8258407711982727,
          -4.010447085533997e-08,
          -0.7121524214744568
        ],
        [
          0.8258405923843384,
          0.563903272151947,
          -4.843001732979246e-08,
          -1.0797367095947266
        ],
        [
          1.370449780324634e-07,
          4.0536313861139206e-08,
          1.0,
          -2.3199142162866337e-07
        ]
      ],
      [
        [
          0.22416892647743225,
          -0.9745503664016724,
          -3.8768636301256265e-08,
          -1.9838861227035522
        ],
        [
          0.9745500683784485,
          0.22416895627975464,
          -6.883239933586083e-08,
          -0.21136736869812012
        ],
        [
          1.6197692787045526e-07,
          -6.3183511755937616e-09,
          1.0,
          -1.6956853698957275e-07
        ]
      ],
      [
        [
          -0.057038575410842896,
          -0.9983720183372498,
          -3.043927421231274e-08,
          -3.305981159210205
        ],
        [
          0.9983717203140259,
          -0.05703851580619812,
          -4.5157214856317296e-08,
          0.09274458885192871
        ],
        [
          1.3059974435236654e-07,
          -4.165542577538872e-08,
          1.0,
          -1.7814018349326943e-07
        ]
      ],
      [
        [
          0.4045950472354889,
          -0.9144959449768066,
          2.4001009180096844e-08,
          -0.025208931416273117
        ],
        [
          0.9144958853721619,
          0.4045950472354889,
          4.284623500439011e-08,
          -2.151116371154785
        ],
        [
          3.27184679349557e-08,
          3.667551595754048e-08,
          1.0,
          -3.2910921277107263e-07
        ]
      ],
      [
        [
          0.47110840678215027,
          0.8820752501487732,
          5.114203105449633e-08,
          -0.025208931416273117
        ],
        [
          -0.8820751309394836,
          0.4711082875728607,
          -9.187085225903502e-08,
          -2.151116371154785
        ],
        [
          -1.8066276652461966e-07,
          4.270477305112763e-08,
          1.0,
          -3.2910921277107263e-07
        ]
      ]
    ],
    [
      [
        [
          0.997817873954773,
          -0.06602678447961807,
          6.497771209978964e-09,
          0.012604471296072006
        ],
        [
          0.06602677702903748,
          0.9978177547454834,
          2.3183855546449195e-07,
          -2.722564458847046
        ],
        [
          -1.2315762631942562e-08,
          -1.4373317469562608e-07,
          1.0,
          -2.4679351895429136e-07
        ]
      ],
      [
        [
          0.5997009873390198,
          0.8002240061759949,
          2.8938787366428187e-08,
          0.7247567772865295
        ],
        [
          -0.8002239465713501,
          0.599700927734375,
          -5.14451130584348e-08,
          -0.9347853660583496
        ],
        [
          -1.2640822433240828e-07,
          6.319163503576419e-08,
          1.0,
          -2.1885192325044045e-07
        ]
      ],
      [
        [
          0.34320393204689026,
          0.9392607808113098,
          2.172189539351166e-08,
          1.9405442476272583
        ],
        [
          -0.939260721206665,
          0.34320390224456787,
          -2.934176279723033e-08,
          -0.02365422248840332
        ],
        [
          -1.1602983107650289e-07,
          2.3208801991358996e-08,
          1.0,
          -1.2284428407838277e-07
        ]
      ],
      [
        [
          0.25335708260536194,
          0.967372715473175,
          8.41136316154234e-09,
          3.192782163619995
        ],
        [
          -0.9673726558685303,
          0.25335705280303955,
          3.109996171701823e-08,
          0.4339108467102051
        ],
        [
          -5.5856148151178786e-08,
          9.757675556443246e-09,
          1.0,
          -9.190186744945095e-08
        ]
      ],
      [
        [
          0.6109485030174255,
          -0.7916703224182129,
          -4.1546833529082505e-08,
          -0.7121524214744568
        ],
        [
          0.7916702628135681,
          0.610948383808136,
          -4.784619278552782e-08,
          -1.0797367095947266
        ],
        [
          1.3487633054865e-07,
          4.693435329272688e-08,
          1.0,
          -2.3199142162866337e-07
        ]
      ],
      [
        [
          0.2804314196109772,
          -0.9598740935325623,
          -4.13990584036128e-08,
          -1.931266188621521
        ],
        [
          0.9598739147186279,
          0.2804314196109772,
          -6.82917260519389e-08,
          -0.13892149925231934
        ],
        [
          1.6228902666171052e-07,
          4.3001957550359293e-10,
          1.0,
          -1.597160519395402e-07
        ]
      ],
      [
        [
          0.0010838210582733154,
          -0.999999463558197,
          -3.170775997318742e-08,
          -3.2334511280059814
        ],
        [
          0.9999992847442627,
          0.0010838210582733154,
          -4.51406734214288e-08,
          0.2415173053741455
        ],
        [
          1.3278484800594015e-07,
          -3.526298897327251e-08,
          1.0,
          -1.5913269635348115e-07
        ]
      ],
      [
        [
          0.4045950472354889,
          -0.9144959449768066,
          2.4001009180096844e-08,
          -0.025208931416273117
        ],
        [
          0.9144958853721619,
          0.4045950472354889,
          4.284623500439011e-08,
          -2.151116371154785
        ],
        [
          3.27184679349557e-08,
          3.667551595754048e-08,
          1.0,
          -3.2910921277107263e-07
        ]
      ],
      [
        [
          0.47110840678215027,
          0.8820752501487732,
          5.114203105449633e-08,
          -0.025208931416273117
        ],
        [
          -0.8820751309394836,
          0.4711082875728607,
          -9.187085225903502e-08,
          -2.151116371154785
        ],
        [
          -1.8066276652461966e-07,
          4.270477305112763e-08,
          1.0,
          -3.2910921277107263e-07
        ]
      ]
    ],
    [
      [
        [
          0.997817873954773,
          -0.06602678447961807,
          6.497771209978964e-09,
          0.012604471296072006
        ],
        [
          0.06602677702903748,
          0.9978177547454834,
          2.3183855546449195e-07,
          -2.722564458847046
        ],
        [
          -1.2315762631942562e-08,
          -1.4373317469562608e-07,
          1.0,
          -2.4679351895429136e-07
        ]
      ],
      [
        [
          0.6571874022483826,
          0.7537270784378052,
          3.0898753777819365e-08,
          0.7247567772865295
        ],
        [
          -0.7537270188331604,
          0.657187283039093,
          -5.068057618018429e-08,
          -0.9347853660583496
        ],
        [
          -1.2210551858515828e-07,
          7.037901639250776e-08,
          1.0,
          -2.1885192325044045e-07
        ]
      ],
      [
        [
          0.41166430711746216,
          0.9113354086875916,
          2.206845373109445e-08,
          1.8699010610580444
        ],
        [
          -0.9113353490829468,
          0.411664217710495,
          -2.917087016385267e-08,
          0.06368541717529297
        ],
        [
          -1.1398480381785703e-07,
          3.1332191952060384e-08,
          1.0,
          -1.1192445015240082e-07
        ]
      ],
      [
        [
          0.32414013147354126,
          0.9460089206695557,
          4.3284895667738965e-09,
          3.0849084854125977
        ],
        [
          -0.9460088610649109,
          0.3241400718688965,
          3.012218030562508e-08,
          0.6125228404998779
        ],
        [
          -5.458408836034323e-08,
          1.803737603722766e-08,
          1.0,
          -7.015181324732112e-08
        ]
      ],
      [
        [
          0.6625058054924011,
          -0.7490568161010742,
          -4.3160881091353076e-08,
          -0.7121524214744568
        ],
        [
          0.7490566968917847,
          0.6625056266784668,
          -4.70722056888917e-08,
          -1.0797367095947266
        ],
        [
          1.319265692245608e-07,
          5.41242073381909e-08,
          1.0,
          -2.3199142162866337e-07
        ]
      ],
      [
        [
          0.34397268295288086,
          -0.9389797449111938,
          -4.4380239927477305e-08,
          -1.8656444549560547
        ],
        [
          0.9389795064926147,
          0.3439726233482361,
          -6.748188496885632e-08,
          -0.05952715873718262
        ],
        [
          1.621622516267962e-07,
          8.200416345971462e-09,
          1.0,
          -1.486441760789603e-07
        ]
      ],
      [
        [
          0.06793239712715149,
          -0.997689962387085,
          -3.316294794331043e-08,
          -3.139483690261841
        ],
        [
          0.9976897835731506,
          0.0679323673248291,
          -4.503049666482184e-08,
          0.40711307525634766
        ],
        [
          1.3483409588843642e-07,
          -2.776660679160159e-08,
          1.0,
          -1.37519378995421e-07
        ]
      ],
      [
        [
          0.4045950472354889,
          -0.9144959449768066,
          2.4001009180096844e-08,
          -0.025208931416273117
        ],
        [
          0.9144958853721619,
          0.4045950472354889,
          4.284623500439011e-08,
          -2.151116371154785
        ],
        [
          3.27184679349557e-08,
          3.667551595754048e-08,
          1.0,
          -3.2910921277107263e-07
        ]
      ],
      [
        [
          0.47110840678215027,
          0.8820752501487732,
          5.114203105449633e-08,
          -0.025208931416273117
        ],
        [
          -0.8820751309394836,
          0.4711082875728607,
          -9.187085225903502e-08,
          -2.151116371154785
        ],
        [
          -1.8066276652461966e-07,
          4.270477305112763e-08,
          1.0,
          -3.2910921277107263e-07
        ]
      ]
    ],
    [
      [
        [
          0.997817873954773,
          -0.06602678447961807,
          6.497771209978964e-09,
          0.012604471296072006
        ],
        [
          0.06602677702903748,
          0.9978177547454834,
          2.3183855546449195e-07,
          -2.722564458847046
        ],
        [
          -1.2315762631942562e-08,
          -1.4373317469562608e-07,
          1.0,
          -2.4679351895429136e-07
        ]
      ],
      [
        [
          0.7166516184806824,
          0.6974311470985413,
          3.29969260803864e-08,
          0.7247567772865295
        ],
        [
          -0.6974310874938965,
          0.7166515588760376,
          -4.966742750411868e-08,
          -0.9347853660583496
        ],
        [
          -1.1673502342546271e-07,
          7.794395173732482e-08,
          1.0,
          -2.1885192325044045e-07
        ]
      ],
      [
        [
          0.48484668135643005,
          0.874599039554596,
          2.243637453602787e-08,
          1.7843701839447021
        ],
        [
          -0.8745989799499512,
          0.4848466217517853,
          -2.8952300112905505e-08,
          0.15402984619140625
        ],
        [
          -1.1102638808324627e-07,
          4.012528265207038e-08,
          1.0,
          -1.0043093823242089e-07
        ]
      ],
      [
        [
          0.4004528224468231,
          0.9163172841072083,
          -9.528022815175063e-11,
          2.9504001140594482
        ],
        [
          -0.9163172245025635,
          0.40045276284217834,
          2.869054327447884e-08,
          0.8004353046417236
        ],
        [
          -5.246566203709335e-08,
          2.7069704700011243e-08,
          1.0,
          -4.693521304943715e-08
        ]
      ],
      [
        [
          0.7160242795944214,
          -0.6980754137039185,
          -4.4879868710268056e-08,
          -0.7121524214744568
        ],
        [
          0.6980752944946289,
          0.7160241603851318,
          -4.609354675721988e-08,
          -1.0797367095947266
        ],
        [
          1.281160280086624e-07,
          6.182024492318305e-08,
          1.0,
          -2.3199142162866337e-07
        ]
      ],
      [
        [
          0.41238972544670105,
          -0.9110075831413269,
          -4.760343585985538e-08,
          -1.7871369123458862
        ],
        [
          0.9110073447227478,
          0.41238972544670105,
          -6.635740135152446e-08,
          0.022887468338012695
        ],
        [
          1.6141837022587424e-07,
          1.6755873133433852e-08,
          1.0,
          -1.36792863258961e-07
        ]
      ],
      [
        [
          0.14144006371498108,
          -0.9899469017982483,
          -3.4758439682036624e-08,
          -3.023028612136841
        ],
        [
          0.9899466037750244,
          0.14144009351730347,
          -4.479588966432857e-08,
          0.582343578338623
        ],
        [
          1.3651015251525678e-07,
          -1.934401794301266e-08,
          1.0,
          -1.1406154953874648e-07
        ]
      ],
      [
        [
          0.4045950472354889,
          -0.9144959449768066,
          2.4001009180096844e-08,
          -0.025208931416273117
        ],
        [
          0.9144958853721619,
          0.4045950472354889,
          4.284623500439011e-08,
          -2.151116371154785
        ],
        [
          3.27184679349557e-08,
          3.667551595754048e-08,
          1.0,
          -3.2910921277107263e-07
        ]
      ],
      [
        [
          0.47110840678215027,
          0.8820752501487732,
          5.114203105449633e-08,
          -0.025208931416273117
        ],
        [
          -0.8820751309394836,
          0.4711082875728607,
          -9.187085225903502e-08,
          -2.151116371154785
        ],
        [
          -1.8066276652461966e-07,
          4.270477305112763e-08,
          1.0,
          -3.2910921277107263e-07
        ]
      ]
    ],
    [
      [
        [
          0.997817873954773,
          -0.06602678447961807,
          6.497771209978964e-09,
          0.012604471296072006
        ],
        [
          0.06602677702903748,
          0.9978177547454834,
          2.3183855546449195e-07,
          -2.722564458847046
        ],
        [
          -1.2315762631942562e-08,
          -1.4373317469562608e-07,
          1.0,
          -2.4679351895429136e-07
        ]
      ],
      [
        [
          0.775038480758667,
          0.631913959980011,
          3.514547586291883e-08,
          0.7247567772865295
        ],
        [
          -0.6319139003753662,
          0.7750384211540222,
          -4.839496625663742e-08,
          -0.9347853660583496
        ],
        [
          -1.1031296764940635e-07,
          8.553450925319339e-08,
          1.0,
          -2.1885192325044045e-07
        ]
      ],
      [
        [
          0.5596591830253601,
          0.8287228345870972,
          2.280941657772928e-08,
          1.6848292350769043
        ],
        [
          -0.8287227749824524,
          0.5596591234207153,
          -2.8685491315627587e-08,
          0.2427375316619873
        ],
        [
          -1.0706857267450687e-07,
          4.9246409616898745e-08,
          1.0,
          -8.889853120308544e-08
        ]
      ],
      [
        [
          0.47924792766571045,
          0.8776795864105225,
          -4.689248989109274e-09,
          2.789696216583252
        ],
        [
          -0.8776795268058777,
          0.4792478680610657,
          2.6759948923427146e-08,
          0.9888842105865479
        ],
        [
          -4.938311803925899e-08,
          3.6522589397236516e-08,
          1.0,
          -2.3242364477482624e-08
        ]
      ],
      [
        [
          0.7689422369003296,
          -0.6393183469772339,
          -4.663344199684616e-08,
          -0.7121524214744568
        ],
        [
          0.6393182277679443,
          0.7689420580863953,
          -4.4909072016707796e-08,
          -1.0797367095947266
        ],
        [
          1.2342206900939345e-07,
          6.971781374431885e-08,
          1.0,
          -2.3199142162866337e-07
        ]
      ],
      [
        [
          0.483081191778183,
          -0.8755756616592407,
          -5.094958765994306e-08,
          -1.6966553926467896
        ],
        [
          0.8755754232406616,
          0.4830811321735382,
          -6.48943796477397e-08,
          0.10437703132629395
        ],
        [
          1.599252783535121e-07,
          2.582094893455178e-08,
          1.0,
          -1.2463117116112699e-07
        ]
      ],
      [
        [
          0.2192157655954361,
          -0.9756764769554138,
          -3.644112567258162e-08,
          -2.884479284286499
        ],
        [
          0.9756762385368347,
          0.21921572089195251,
          -4.4415187971935666e-08,
          0.7597346305847168
        ],
        [
          1.376092200189305e-07,
          -1.0222785284952352e-08,
          1.0,
          -8.960196851148794e-08
        ]
      ],
      [
        [
          0.4045950472354889,
          -0.9144959449768066,
          2.4001009180096844e-08,
          -0.025208931416273117
        ],
        [
          0.9144958853721619,
          0.4045950472354889,
          4.284623500439011e-08,
          -2.151116371154785
        ],
        [
          3.27184679349557e-08,
          3.667551595754048e-08,
          1.0,
          -3.2910921277107263e-07
        ]
      ],
      [
        [
          0.47110840678215027,
          0.8820752501487732,
          5.114203105449633e-08,
          -0.025208931416273117
        ],
        [
          -0.8820751309394836,
          0.4711082875728607,
          -9.187085225903502e-08,
          -2.151116371154785
