{
  "P": [
    [
      [
        [
          0.997817873954773,
          -0.06602678447961807,
          6.497771209978964e-09,
          0.012604471296072006
        ],
        [
          0.06602677702903748,
          0.9978177547454834,
          2.3183855546449195e-07,
          -2.722564458847046
        ],
        [
          -1.2315762631942562e-08,
          -1.4373317469562608e-07,
          1.0,
          -2.4679351895429136e-07
        ]
      ],
      [
        [
          0.5852885246276855,
          0.810824990272522,
          6.958364995313104e-09,
          0.7247567772865295
        ],
        [
          -0.8108251690864563,
          0.5852881669998169,
          2.9291484793247946e-09,
          -0.9347853660583496
        ],
        [
          -7.05656333366278e-08,
          4.691762711672709e-08,
          1.0,
          -2.1885192325044045e-07
        ]
      ],
      [
        [
          0.9958159923553467,
          -0.09138184785842896,
          -4.748804727228162e-08,
          1.9566504955291748
        ],
        [
          0.09138147532939911,
          0.9958155751228333,
          -3.171732743112443e-08,
          -0.04555177688598633
        ],
        [
          6.187697465520614e-08,
          1.1414638123596887e-07,
          1.0,
          -1.47569537034542e-07
        ]
      ],
      [
        [
          0.5122758150100708,
          -0.8588212132453918,
          -6.136186669891686e-08,
          1.8348188400268555
        ],
        [
          0.8588201403617859,
          0.5122761726379395,
          -1.4265299341786886e-07,
          1.2820861339569092
        ],
        [
          2.3108026425688877e-07,
          6.208037461874483e-08,
          1.0,
          4.612374482348969e-09
        ]
      ],
      [
        [
          0.663215696811676,
          -0.7484284043312073,
          -3.325454400737726e-08,
          -0.7121524214744568
        ],
        [
          0.748428225517273,
          0.6632155776023865,
          -4.208646231518287e-08,
          -1.0797367095947266
        ],
        [
          1.2157367734744184e-07,
          5.835683225541288e-08,
          1.0,
          -2.3199142162866337e-07
        ]
      ],
      [
        [
          0.9965980648994446,
          0.08241836726665497,
          -3.5493499694894126e-08,
          -1.864676833152771
        ],
        [
          -0.0824185162782669,
          0.9965975284576416,
          -4.110885498675998e-08,
          -0.05843400955200195
        ],
        [
          2.8450800826362865e-08,
          1.3150700794994918e-07,
          1.0,
          -1.421262680878499e-07
        ]
      ],
      [
        [
          0.27703940868377686,
          0.9608587622642517,
          -2.61463952710983e-08,
          -1.752866506576538
        ],
        [
          -0.9608585238456726,
          0.27703893184661865,
          -1.0964884467057345e-07,
          1.2935707569122314
        ],
        [
          -1.812655767707838e-07,
          8.332459344728704e-08,
          1.0,
          3.627881994816562e-08
        ]
      ],
      [
        [
          0.4045950472354889,
          -0.9144959449768066,
          2.4001009180096844e-08,
          -0.025208931416273117
        ],
        [
          0.9144958853721619,
          0.4045950472354889,
          4.284623500439011e-08,
          -2.151116371154785
        ],
        [
          3.27184679349557e-08,
          3.667551595754048e-08,
          1.0,
          -3.2910921277107263e-07
        ]
      ],
      [
        [
          0.47110840678215027,
          0.8820752501487732,
          5.114203105449633e-08,
          -0.025208931416273117
        ],
        [
          -0.8820751309394836,
          0.4711082875728607,
          -9.187085225903502e-08,
          -2.151116371154785
        ],
        [
          -1.8066276652461966e-07,
          4.270477305112763e-08,
          1.0,
          -3.2910921277107263e-07
        ]
      ]
    ],
    [
      [
        [
          0.997817873954773,
          -0.06602678447961807,
          6.497771209978964e-09,
          0.012604471296072006
        ],
        [
          0.06602677702903748,
          0.9978177547454834,
          2.3183855546449195e-07,
          -2.722564458847046
        ],
        [
          -1.2315762631942562e-08,
          -1.4373317469562608e-07,
          1.0,
          -2.4679351895429136e-07
        ]
      ],
      [
        [
          0.5852885246276855,
          0.810824990272522,
          6.958364995313104e-09,
          0.7247567772865295
        ],
        [
          -0.8108251690864563,
          0.5852881669998169,
          2.9291484793247946e-09,
          -0.9347853660583496
        ],
        [
          -7.05656333366278e-08,
          4.691762711672709e-08,
          1.0,
          -2.1885192325044045e-07
        ]
      ],
      [
        [
          0.9958159923553467,
          -0.09138184785842896,
          -4.748804727228162e-08,
          1.9566504955291748
        ],
        [
          0.09138147532939911,
          0.9958155751228333,
          -3.171732743112443e-08,
          -0.04555177688598633
        ],
        [
          6.187697465520614e-08,
          1.1414638123596887e-07,
          1.0,
          -1.47569537034542e-07
        ]
      ],
      [
        [
          0.5122758150100708,
          -0.8588212132453918,
          -6.136186669891686e-08,
          1.8348188400268555
        ],
        [
          0.8588201403617859,
          0.5122761726379395,
          -1.4265299341786886e-07,
          1.2820861339569092
        ],
        [
          2.3108026425688877e-07,
          6.208037461874483e-08,
          1.0,
          4.612374482348969e-09
        ]
      ],
      [
        [
          0.663215696811676,
          -0.7484284043312073,
          -3.325454400737726e-08,
          -0.7121524214744568
        ],
        [
          0.748428225517273,
          0.6632155776023865,
          -4.208646231518287e-08,
          -1.0797367095947266
        ],
        [
          1.2157367734744184e-07,
          5.835683225541288e-08,
          1.0,
          -2.3199142162866337e-07
        ]
      ],
      [
        [
          0.9965980648994446,
          0.08241836726665497,
          -3.5493499694894126e-08,
          -1.864676833152771
        ],
        [
          -0.0824185162782669,
          0.9965975284576416,
          -4.110885498675998e-08,
          -0.05843400955200195
        ],
        [
          2.8450800826362865e-08,
          1.3150700794994918e-07,
          1.0,
          -1.421262680878499e-07
        ]
      ],
      [
        [
          0.27703940868377686,
          0.9608587622642517,
          -2.61463952710983e-08,
          -1.752866506576538
        ],
        [
          -0.9608585238456726,
          0.27703893184661865,
          -1.0964884467057345e-07,
          1.2935707569122314
        ],
        [
          -1.812655767707838e-07,
          8.332459344728704e-08,
          1.0,
          3.627881994816562e-08
        ]
      ],
      [
        [
          0.4045950472354889,
          -0.9144959449768066,
          2.4001009180096844e-08,
          -0.025208931416273117
        ],
        [
          0.9144958853721619,
          0.4045950472354889,
          4.284623500439011e-08,
          -2.151116371154785
        ],
        [
          3.27184679349557e-08,
          3.667551595754048e-08,
          1.0,
          -3.2910921277107263e-07
        ]
      ],
      [
        [
          0.47110840678215027,
          0.8820752501487732,
          5.114203105449633e-08,
          -0.025208931416273117
        ],
        [
          -0.8820751309394836,
          0.4711082875728607,
          -9.187085225903502e-08,
          -2.151116371154785
        ],
        [
          -1.8066276652461966e-07,
          4.270477305112763e-08,
          1.0,
          -3.2910921277107263e-07
        ]
      ]
    ],
    [
      [
        [
          0.997817873954773,
          -0.06602678447961807,
          6.497771209978964e-09,
          0.012604471296072006
        ],
        [
          0.06602677702903748,
          0.9978177547454834,
          2.3183855546449195e-07,
          -2.722564458847046
        ],
        [
          -1.2315762631942562e-08,
          -1.4373317469562608e-07,
          1.0,
          -2.4679351895429136e-07
        ]
      ],
      [
        [
          0.5913425087928772,
          0.8064203262329102,
          6.94125912303889e-09,
          0.7247567772865295
        ],
        [
          -0.8064205050468445,
          0.5913422703742981,
          2.957349920507113e-09,
          -0.9347853660583496
        ],
        [
          -7.017953862487047e-08,
          4.7441737649478455e-08,
          1.0,
          -2.1885192325044045e-07
        ]
      ],
      [
        [
          0.9960346817970276,
          -0.08896645903587341,
          -4.760796201708217e-08,
          1.9499584436416626
        ],
        [
          0.08896619081497192,
          0.9960342645645142,
          -3.195798825572638e-08,
          -0.03635358810424805
        ],
        [
          6.174081335075243e-08,
          1.1452515025212051e-07,
          1.0,
          -1.467732602122851e-07
        ]
      ],
      [
        [
          0.5211556553840637,
          -0.8534618616104126,
          -6.215341130655361e-08,
          1.8313469886779785
        ],
        [
          0.8534607291221619,
          0.5211559534072876,
          -1.4316714214146486e-07,
          1.2915756702423096
        ],
        [
          2.3127527981614548e-07,
          6.40661426132283e-08,
          1.0,
          5.913619816055871e-09
        ]
      ],
      [
        [
          0.6678381562232971,
          -0.7443066239356995,
          -3.338563558941132e-08,
          -0.7121524214744568
        ],
        [
          0.7443064451217651,
          0.6678380966186523,
          -4.204522952022671e-08,
          -1.0797367095947266
        ],
        [
          1.2126677972901234e-07,
          5.8983545159208006e-08,
          1.0,
          -2.3199142162866337e-07
        ]
      ],
      [
        [
          0.9968831539154053,
          0.07889389991760254,
          -3.572412765606714e-08,
          -1.8583295345306396
        ],
        [
          -0.07889404892921448,
          0.9968827962875366,
          -4.102341222278483e-08,
          -0.0513155460357666
        ],
        [
          2.915226993138731e-08,
          1.3133859511071933e-07,
          1.0,
          -1.411611805224311e-07
        ]
      ],
      [
        [
          0.2908811867237091,
          0.9567591547966003,
          -2.5818232884944337e-08,
          -1.751300573348999
        ],
        [
          -0.9567592144012451,
          0.29088079929351807,
          -1.0974604691682543e-07,
          1.3010761737823486
        ],
        [
          -1.8023226289187733e-07,
          8.564690290313592e-08,
          1.0,
          3.70154253914734e-08
        ]
      ],
      [
        [
          0.4045950472354889,
          -0.9144959449768066,
          2.4001009180096844e-08,
          -0.025208931416273117
        ],
        [
          0.9144958853721619,
          0.4045950472354889,
          4.284623500439011e-08,
          -2.151116371154785
        ],
        [
          3.27184679349557e-08,
          3.667551595754048e-08,
          1.0,
          -3.2910921277107263e-07
        ]
      ],
      [
        [
          0.47110840678215027,
          0.8820752501487732,
          5.114203105449633e-08,
          -0.025208931416273117
        ],
        [
          -0.8820751309394836,
          0.4711082875728607,
          -9.187085225903502e-08,
          -2.151116371154785
        ],
        [
          -1.8066276652461966e-07,
          4.270477305112763e-08,
          1.0,
          -3.2910921277107263e-07
        ]
      ]
    ],
    [
      [
        [
          0.997817873954773,
          -0.06602678447961807,
          6.497771209978964e-09,
          0.012604471296072006
        ],
        [
          0.06602677702903748,
          0.9978177547454834,
          2.3183855546449195e-07,
          -2.722564458847046
        ],
        [
          -1.2315762631942562e-08,
          -1.4373317469562608e-07,
          1.0,
          -2.4679351895429136e-07
        ]
      ],
      [
        [
          0.6084998250007629,
          0.7935538291931152,
          6.891094805894227e-09,
          0.7247567772865295
        ],
        [
          -0.7935540080070496,
          0.6084995269775391,
          3.037413875972561e-09,
          -0.9347853660583496
        ],
        [
          -6.905197125206541e-08,
          4.8926885654054786e-08,
          1.0,
          -2.1885192325044045e-07
        ]
      ],
      [
        [
          0.9966354966163635,
          -0.08196061849594116,
          -4.794267738361668e-08,
          1.9304102659225464
        ],
        [
          0.08196032047271729,
          0.9966350197792053,
          -3.264616310616475e-08,
          -0.010286331176757812
        ],
        [
          6.132399477110084e-08,
          1.156148385916822e-07,
          1.0,
          -1.4451686070060532e-07
        ]
      ],
      [
        [
          0.546358048915863,
          -0.8375517725944519,
          -6.444300026942074e-08,
          1.8211390972137451
        ],
        [
          0.8375506401062012,
          0.5463583469390869,
          -1.446053659037716e-07,
          1.318444013595581
        ],
        [
          2.317188574352258e-07,
          6.979801980833145e-08,
          1.0,
          9.62280921612546e-09
        ]
      ],
      [
        [
          0.6809222102165222,
          -0.7323559522628784,
          -3.375926738158341e-08,
          -0.7121524214744568
        ],
        [
          0.7323557734489441,
          0.6809221506118774,
          -4.192273195258167e-08,
          -1.0797367095947266
        ],
        [
          1.203672752581042e-07,
          6.076604108784522e-08,
          1.0,
          -2.3199142162866337e-07
        ]
      ],
      [
        [
          0.9976377487182617,
          0.06869778037071228,
          -3.638278300854836e-08,
          -1.8399263620376587
        ],
        [
          -0.0686979591846466,
          0.9976373910903931,
          -4.0772761167318095e-08,
          -0.031167030334472656
        ],
        [
          3.1167871838988503e-08,
          1.3082888017379446e-07,
          1.0,
          -1.3841626866906154e-07
        ]
      ],
      [
        [
          0.3304103910923004,
          0.9438374638557434,
          -2.484505579047891e-08,
          -1.7467297315597534
        ],
        [
          -0.9438374638557434,
          0.3304099440574646,
          -1.0998353872082589e-07,
          1.3222482204437256
        ],
        [
          -1.770610253970517e-07,
          9.222659969054803e-08,
          1.0,
          3.9068879686965374e-08
        ]
      ],
      [
        [
          0.4045950472354889,
          -0.9144959449768066,
          2.4001009180096844e-08,
          -0.025208931416273117
        ],
        [
          0.9144958853721619,
          0.4045950472354889,
          4.284623500439011e-08,
          -2.151116371154785
        ],
        [
          3.27184679349557e-08,
          3.667551595754048e-08,
          1.0,
          -3.2910921277107263e-07
        ]
      ],
      [
        [
          0.47110840678215027,
          0.8820752501487732,
          5.114203105449633e-08,
          -0.025208931416273117
        ],
        [
          -0.8820751309394836,
          0.4711082875728607,
          -9.187085225903502e-08,
          -2.151116371154785
        ],
        [
          -1.8066276652461966e-07,
          4.270477305112763e-08,
          1.0,
          -3.2910921277107263e-07
        ]
      ]
    ],
    [
      [
        [
          0.997817873954773,
          -0.06602678447961807,
          6.497771209978964e-09,
          0.012604471296072006
        ],
        [
          0.06602677702903748,
          0.9978177547454834,
          2.3183855546449195e-07,
          -2.722564458847046
        ],
        [
          -1.2315762631942562e-08,
          -1.4373317469562608e-07,
          1.0,
          -2.4679351895429136e-07
        ]
      ],
      [
        [
          0.6350895762443542,
          0.7724382281303406,
          6.808190011753368e-09,
          0.7247567772865295
        ],
        [
          -0.7724384069442749,
          0.6350893378257751,
          3.161929384987161e-09,
          -0.9347853660583496
        ],
        [
          -6.72023077186168e-08,
          5.1227900144112937e-08,
          1.0,
          -2.1885192325044045e-07
        ]
      ],
      [
        [
          0.9975036382675171,
          -0.07061412930488586,
          -4.8445556899423536e-08,
          1.8983291387557983
        ],
        [
          0.07061392068862915,
          0.9975031018257141,
          -3.373132528849965e-08,
          0.03011178970336914
        ],
        [
          6.058264290231818e-08,
          1.1735214400232508e-07,
          1.0,
          -1.4102091938639205e-07
        ]
      ],
      [
        [
          0.5854852199554443,
          -0.8106831908226013,
          -6.813178998754665e-08,
          1.8041852712631226
        ],
        [
          0.8106820583343506,
          0.5854853987693787,
          -1.467735444293794e-07,
          1.359999418258667
        ],
        [
          2.3206331434266758e-07,
          7.899370046970944e-08,
          1.0,
          1.5434949318660074e-08
        ]
      ],
      [
        [
          0.7011570334434509,
          -0.7130069732666016,
          -3.434500683852093e-08,
          -0.7121524214744568
        ],
        [
          0.7130067944526672,
          0.7011569738388062,
          -4.1715772169936827e-08,
          -1.0797367095947266
        ],
        [
          1.1888212725352787e-07,
          6.354906645356095e-08,
          1.0,
          -2.3199142162866337e-07
        ]
      ],
      [
        [
          0.9986337423324585,
          0.05226060748100281,
          -3.741932630418887e-08,
          -1.8101303577423096
        ],
        [
          -0.052260786294937134,
          0.9986333847045898,
          -4.03585573849341e-08,
          -6.9141387939453125e-06
        ],
        [
          3.437473949929881e-08,
          1.299384280173399e-07,
          1.0,
          -1.3413061594746978e-07
        ]
      ],
      [
        [
          0.392444908618927,
          0.9197757244110107,
          -2.3207375576816958e-08,
          -1.7392326593399048
        ],
        [
          -0.9197757244110107,
          0.3924444019794464,
          -1.1023036705637423e-07,
          1.354759931564331
        ],
        [
          -1.7140567365458992e-07,
          1.0238770187243063e-07,
          1.0,
          4.214651028178196e-08
        ]
      ],
      [
        [
          0.4045950472354889,
          -0.9144959449768066,
          2.4001009180096844e-08,
          -0.025208931416273117
        ],
        [
          0.9144958853721619,
          0.4045950472354889,
          4.284623500439011e-08,
          -2.151116371154785
        ],
        [
          3.27184679349557e-08,
          3.667551595754048e-08,
          1.0,
          -3.2910921277107263e-07
        ]
      ],
      [
        [
          0.47110840678215027,
          0.8820752501487732,
          5.114203105449633e-08,
          -0.025208931416273117
        ],
        [
          -0.8820751309394836,
          0.4711082875728607,
          -9.187085225903502e-08,
          -2.151116371154785
        ],
        [
          -1.8066276652461966e-07,
          4.270477305112763e-08,
          1.0,
          -3.2910921277107263e-07
        ]
      ]
    ],
    [
      [
        [
          0.997817873954773,
          -0.06602678447961807,
          6.497771209978964e-09,
          0.012604471296072006
        ],
        [
          0.06602677702903748,
          0.9978177547454834,
          2.3183855546449195e-07,
          -2.722564458847046
        ],
        [
          -1.2315762631942562e-08,
          -1.4373317469562608e-07,
          1.0,
          -2.4679351895429136e-07
        ]
      ],
      [
        [
          0.6692357063293457,
          0.7430499196052551,
          6.691750709109101e-09,
          0.7247567772865295
        ],
        [
          -0.7430501580238342,
          0.6692352890968323,
          3.322668362670811e-09,
          -0.9347853660583496
        ],
        [
          -6.462943957785683e-08,
          5.418163695480871e-08,
          1.0,
          -2.1885192325044045e-07
        ]
      ],
      [
        [
          0.9984804391860962,
          -0.05510479211807251,
          -4.9060144391432914e-08,
          1.8536791801452637
        ],
        [
          0.05510428547859192,
          0.998479962348938,
          -3.516043278750658e-08,
          0.08199000358581543
        ],
        [
          5.9444111855100346e-08,
          1.1967247814936854e-07,
          1.0,
          -1.365332735758784e-07
        ]
      ],
      [
        [
          0.6357347369194031,
          -0.7719074487686157,
          -7.313515482110233e-08,
          1.780212640762329
        ],
        [
          0.7719062566757202,
          0.6357353329658508,
          -1.4943182691240509e-07,
          1.4131801128387451
        ],
        [
          2.3181735286925687e-07,
          9.138431522615065e-08,
          1.0,
          2.3016113459561893e-08
        ]
      ],
      [
        [
          0.7270842790603638,
          -0.6865482926368713,
          -3.5110719664999124e-08,
          -0.7121524214744568
        ],
        [
          0.686548113822937,
          0.7270842790603638,
          -4.1416868157284625e-08,
          -1.0797367095947266
        ],
        [
          1.1679836120492837e-07,
          6.716560108088743e-08,
          1.0,
          -2.3199142162866337e-07
        ]
      ],
      [
        [
          0.9995521306991577,
          0.029933035373687744,
          -3.8781731603876324e-08,
          -1.7693860530853271
        ],
        [
          -0.029933273792266846,
          0.9995517134666443,
          -3.977703499913332e-08,
          0.039919137954711914
        ],
        [
          3.864884234872079e-08,
          1.2859743492299458e-07,
          1.0,
          -1.2856142461714626e-07
        ]
      ],
      [
        [
          0.47313162684440613,
          0.8809918761253357,
          -2.086423300795559e-08,
          -1.7287784814834595
        ],
        [
          -0.8809918761253357,
          0.47313106060028076,
          -1.1029778335114315e-07,
          1.3959314823150635
        ],
        [
          -1.627298615858308e-07,
          1.1527453125381726e-07,
          1.0,
          4.589648483488418e-08
        ]
      ],
      [
        [
          0.4045950472354889,
          -0.9144959449768066,
          2.4001009180096844e-08,
          -0.025208931416273117
        ],
        [
          0.9144958853721619,
          0.4045950472354889,
          4.284623500439011e-08,
          -2.151116371154785
        ],
        [
          3.27184679349557e-08,
          3.667551595754048e-08,
          1.0,
          -3.2910921277107263e-07
        ]
      ],
      [
        [
          0.47110840678215027,
          0.8820752501487732,
          5.114203105449633e-08,
          -0.025208931416273117
        ],
        [
          -0.8820751309394836,
          0.4711082875728607,
          -9.187085225903502e-08,
          -2.151116371154785
        ],
        [
          -1.8066276652461966e-07,
          4.270477305112763e-08,
          1.0,
          -3.2910921277107263e-07
        ]
      ]
    ],
    [
      [
        [
          0.997817873954773,
          -0.06602678447961807,
          6.497771209978964e-09,
          0.012604471296072006
        ],
        [
          0.06602677702903748,
          0.9978177547454834,
          2.3183855546449195e-07,
          -2.722564458847046
        ],
        [
          -1.2315762631942562e-08,
          -1.4373317469562608e-07,
          1.0,
          -2.4679351895429136e-07
        ]
      ],
      [
        [
          0.7088726162910461,
          0.7053363919258118,
          6.540785690845041e-09,
          0.7247567772865295
        ],
        [
          -0.7053365707397461,
          0.7088721990585327,
          3.510578494569927e-09,
          -0.9347853660583496
        ],
        [
          -6.132987095952558e-08,
          5.760850996239242e-08,
          1.0,
          -2.1885192325044045e-07
        ]
      ],
      [
        [
          0.9993650317192078,
          -0.03563448786735535,
          -4.972292089178154e-08,
          1.796380639076233
        ],
        [
          0.03563407063484192,
          0.99936443567276,
          -3.687500083060513e-08,
          0.1422107219696045
        ],
        [
          5.782392165087913e-08,
          1.224981645009393e-07,
          1.0,
          -1.3132677167959628e-07
        ]
      ],
      [
        [
          0.6937996745109558,
          -0.7201681733131409,
          -7.935231138844756e-08,
          1.7488722801208496
        ],
        [
          0.7201669812202454,
          0.6938000917434692,
          -1.523013963833364e-07,
          1.4745800495147705
        ],
        [
          2.3039454788431613e-07,
          1.066367687485581e-07,
          1.0,
          3.198985609742522e-08
        ]
      ],
      [
        [
          0.7571349740028381,
          -0.6532585024833679,
          -3.6022125726731247e-08,
          -0.7121524214744568
        ],
        [
          0.6532583236694336,
          0.7571349740028381,
          -4.101735839867615e-08,
          -1.0797367095947266
        ],
        [
          1.1409856170985222e-07,
          7.143692926092626e-08,
          1.0,
          -2.3199142162866337e-07
        ]
      ],
      [
        [
          0.9999979138374329,
          0.00210648775100708,
          -4.0414377622255415e-08,
          -1.7181222438812256
        ],
        [
          -0.0021067261695861816,
          0.9999974966049194,
          -3.90238454883729e-08,
          0.08619499206542969
        ],
        [
          4.3846632991062506e-08,
          1.267223410650331e-07,
          1.0,
          -1.2198388787965087e-07
        ]
      ],
      [
        [
          0.5674117207527161,
          0.8234342336654663,
          -1.7788915229743907e-08,
          -1.7152646780014038
        ],
        [
          -0.8234342932701111,
          0.5674111247062683,
          -1.0995167798455441e-07,
          1.442812204360962
        ],
        [
          -1.5048313173338101e-07,
          1.2979037933291693e-07,
          1.0,
          4.993022173493955e-08
        ]
      ],
      [
        [
          0.4045950472354889,
          -0.9144959449768066,
          2.4001009180096844e-08,
          -0.025208931416273117
        ],
        [
          0.9144958853721619,
          0.4045950472354889,
          4.284623500439011e-08,
          -2.151116371154785
        ],
        [
          3.27184679349557e-08,
          3.667551595754048e-08,
          1.0,
          -3.2910921277107263e-07
        ]
      ],
      [
        [
          0.47110840678215027,
          0.8820752501487732,
          5.114203105449633e-08,
          -0.025208931416273117
        ],
        [
          -0.8820751309394836,
          0.4711082875728607,
          -9.187085225903502e-08,
          -2.151116371154785
        ],
        [
          -1.8066276652461966e-07,
          4.270477305112763e-08,
          1.0,
          -3.2910921277107263e-07
        ]
      ]
    ],
    [
      [
        [
          0.997817873954773,
          -0.06602678447961807,
          6.497771209978964e-09,
          0.012604471296072006
        ],
        [
          0.06602677702903748,
          0.9978177547454834,
          2.3183855546449195e-07,
          -2.722564458847046
        ],
        [
          -1.2315762631942562e-08,
          -1.4373317469562608e-07,
          1.0,
          -2.4679351895429136e-07
        ]
      ],
      [
        [
          0.7517871260643005,
          0.6594057083129883,
          6.354953008269604e-09,
          0.7247567772865295
        ],
        [
          -0.6594058871269226,
          0.7517867684364319,
          3.715907581636202e-09,
          -0.9347853660583496
        ],
        [
          -5.731417829224483e-08,
          6.131611485216126e-08,
          1.0,
          -2.1885192325044045e-07
        ]
      ],
      [
        [
          0.9999217391014099,
          -0.012516707181930542,
          -5.036649852740993e-08,
          1.726597785949707
        ],
        [
          0.012516319751739502,
          0.9999211430549622,
          -3.8809155000762985e-08,
          0.2074110507965088
        ],
        [
          5.564365679333605e-08,
          1.2572840546454245e-07,
          1.0,
          -1.256937736116015e-07
        ]
      ],
      [
        [
          0.7558503746986389,
          -0.6547444462776184,
          -8.663825212806842e-08,
          1.7099103927612305
        ],
        [
          0.6547433137893677,
          0.7558506727218628,
          -1.550775721170794e-07,
          1.5405223369598389
        ],
        [
          2.2717709668995667e-07,
          1.242846536797515e-07,
          1.0,
          4.192948210857139e-08
        ]
      ],
      [
        [
          0.7896776795387268,
          -0.6135221123695374,
          -3.7042720890667624e-08,
          -0.7121524214744568
        ],
        [
          0.613521933555603,
          0.7896776795387268,
          -4.0510165888463234e-08,
          -1.0797367095947266
        ],
        [
          1.1077492700906078e-07,
          7.617437347562372e-08,
          1.0,
          -2.3199142162866337e-07
        ]
      ],
      [
        [
          0.9995294809341431,
          -0.030679285526275635,
          -4.225691796477804e-08,
          -1.6569310426712036
        ],
        [
          0.030679017305374146,
          0.9995291233062744,
          -3.8097994092822773e-08,
          0.1363084316253662
        ],
        [
          4.9790884304456995e-08,
          1.2423481621226529e-07,
          1.0,
          -1.146885466596359e-07
        ]
      ],
      [
        [
          0.6686748266220093,
          0.7435553073883057,
          -1.4005184567622564e-08,
          -1.6985514163970947
        ],
        [
          -0.7435554265975952,
          0.668674111366272,
          -1.0893318602711588e-07,
          1.4922902584075928
        ],
        [
          -1.342992703712298e-07,
          1.4458477437528927e-07,
          1.0,
          5.385091128573549e-08
        ]
      ],
      [
        [
          0.4045950472354889,
          -0.9144959449768066,
          2.4001009180096844e-08,
          -0.025208931416273117
        ],
        [
          0.9144958853721619,
          0.4045950472354889,
          4.284623500439011e-08,
          -2.151116371154785
        ],
        [
          3.27184679349557e-08,
          3.667551595754048e-08,
          1.0,
          -3.2910921277107263e-07
        ]
      ],
      [
        [
          0.47110840678215027,
          0.8820752501487732,
          5.114203105449633e-08,
          -0.025208931416273117
        ],
        [
          -0.8820751309394836,
          0.4711082875728607,
          -9.187085225903502e-08,
          -2.151116371154785
        ],
        [
          -1.8066276652461966e-07,
          4.270477305112763e-08,
          1.0,
          -3.2910921277107263e-07
        ]
      ]
    ],
    [
      [
        [
          0.997817873954773,
          -0.06602678447961807,
          6.497771209978964e-09,
          0.012604471296072006
        ],
        [
          0.06602677702903748,
          0.9978177547454834,
          2.3183855546449195e-07,
          -2.722564458847046
        ],
        [
          -1.2315762631942562e-08,
          -1.4373317469562608e-07,
          1.0,
          -2.4679351895429136e-07
        ]
      ],
      [
        [
          0.7957005500793457,
          0.6056901216506958,
          6.1353104818806514e-09,
          0.7247567772865295
        ],
        [
          -0.6056902408599854,
          0.7957000732421875,
          3.9284913100345875e-09,
          -0.9347853660583496
        ],
        [
          -5.262106839154512e-08,
          6.510654770863766e-08,
          1.0,
          -2.1885192325044045e-07
        ]
      ],
      [
        [
          0.9999054670333862,
          0.01375502347946167,
          -5.0924192862567e-08,
          1.6449872255325317
        ],
        [
          -0.013755470514297485,
          0.9999047517776489,
          -4.088996519158172e-08,
          0.27412891387939453
        ],
        [
          5.2850666065751284e-08,
          1.2923504755235626e-07,
          1.0,
          -1.1993495263595833e-07
        ]
      ],
      [
        [
          0.8176697492599487,
          -0.5756874680519104,
          -9.478335982748831e-08,
          1.6633257865905762
        ],
        [
          0.5756862163543701,
          0.8176700472831726,
          -1.5745354176033288e-07,
          1.6072185039520264
        ],
        [
          2.2160369894663745e-07,
          1.4368276879395125e-07,
          1.0,
          5.236340427927644e-08
        ]
      ],
      [
        [
          0.8230831027030945,
          -0.5679210424423218,
          -3.81342211142055e-08,
          -0.7121524214744568
        ],
        [
          0.5679209232330322,
          0.8230831027030945,
          -3.9892178449463245e-08,
          -1.0797367095947266
        ],
        [
          1.0684114215564477e-07,
          8.11834865999117e-08,
          1.0,
          -2.3199142162866337e-07
        ]
      ],
      [
        [
          0.9977090954780579,
          -0.06765329837799072,
          -4.424416744086557e-08,
          -1.5867087841033936
        ],
        [
          0.0676531195640564,
          0.997708797454834,
          -3.700514383808695e-08,
          0.18775033950805664
        ],
        [
          5.626376875511596e-08,
          1.2108202440686e-07,
          1.0,
          -1.0697490893107897e-07
        ]
      ],
      [
        [
          0.768841028213501,
          0.6394402980804443,
          -9.61756807527081e-09,
          -1.678488850593567
        ],
        [
          -0.6394404768943787,
          0.7688403725624084,
          -1.0699390173840584e-07,
          1.5412623882293701
        ],
        [
          -1.1419656686939561e-07,
          1.5813144216281216e-07,
          1.0,
          5.728746543809393e-08
        ]
      ],
      [
        [
          0.4045950472354889,
          -0.9144959449768066,
          2.4001009180096844e-08,
          -0.025208931416273117
        ],
        [
          0.9144958853721619,
          0.4045950472354889,
          4.284623500439011e-08,
          -2.151116371154785
        ],
        [
          3.27184679349557e-08,
          3.667551595754048e-08,
          1.0,
          -3.2910921277107263e-07
        ]
      ],
      [
        [
          0.47110840678215027,
          0.8820752501487732,
          5.114203105449633e-08,
          -0.025208931416273117
        ],
        [
          -0.8820751309394836,
          0.4711082875728607,
          -9.187085225903502e-08,
          -2.151116371154785
        ],
        [
          -1.8066276652461966e-07,
          4.270477305112763e-08,
          1.0,
          -3.2910921277107263e-07
        ]
      ]
    ],
    [
      [
        [
          0.997817873954773,
          -0.06602678447961807,
          6.497771209978964e-09,
          0.012604471296072006
        ],
        [
          0.06602677702903748,
          0.9978177547454834,
          2.3183855546449195e-07,
          -2.722564458847046
        ],
        [
          -1.2315762631942562e-08,
          -1.4373317469562608e-07,
          1.0,
          -2.4679351895429136e-07
        ]
      ],
      [
        [
          0.8383969664573669,
          0.5450600385665894,
          5.884864151539659e-09,
          0.7247567772865295
        ],
        [
          -0.5450601577758789,
          0.8383965492248535,
          4.138279052767757e-09,
          -0.9347853660583496
        ],
        [
          -4.732739000701258e-08,
          6.878760672179851e-08,
          1.0,
          -2.1885192325044045e-07
        ]
      ],
      [
        [
          0.9990977048873901,
          0.04247143864631653,
          -5.1335685924414065e-08,
          1.5528713464736938
        ],
        [
          -0.042471736669540405,
          0.9990970492362976,
          -4.3039953823154065e-08,
          0.33899807929992676
        ],
        [
          4.943642295529571e-08,
          1.3286535249790177e-07,
          1.0,
          -1.1434227076279058e-07
        ]
      ],
      [
        [
          0.8749767541885376,
          -0.4841647148132324,
          -1.0350618140364531e-07,
          1.6094950437545776
        ],
        [
          0.48416370153427124,
          0.8749769926071167,
          -1.5915421158751997e-07,
          1.6710107326507568
        ],
        [
          2.1327458910036512e-07,
          1.640045610429297e-07,
          1.0,
          6.279606168391183e-08
        ]
      ],
      [
        [
          0.8558056950569153,
          -0.5172975659370422,
          -3.925769931356626e-08,
          -0.7121524214744568
        ],
        [
          0.5172973871231079,
          0.8558056354522705,
          -3.916637325573902e-08,
          -1.0797367095947266
        ],
        [
          1.0234165870315337e-07,
          8.627097258795402e-08,
          1.0,
          -2.3199142162866337e-07
        ]
      ],
      [
        [
          0.994175136089325,
          -0.10777786374092102,
          -4.630743433153839e-08,
          -1.5087523460388184
        ],
        [
          0.1077776849269867,
          0.9941748976707458,
          -3.575982532311173e-08,
          0.23814058303833008
        ],
        [
          6.301134902741978e-08,
          1.1725751392077655e-07,
          1.0,
          -9.914056420257111e-08
        ]
      ],
      [
        [
          0.8590660095214844,
          0.5118651986122131,
          -4.824838306660695e-09,
          -1.6549662351608276
        ],
        [
          -0.5118653774261475,
          0.8590653538703918,
          -1.0394457916618194e-07,
          1.5868585109710693
        ],
        [
          -9.072541473642559e-08,
          1.6891752352421463e-07,
          1.0,
          5.993338447751739e-08
        ]
      ],
      [
        [
          0.4045950472354889,
          -0.9144959449768066,
          2.4001009180096844e-08,
          -0.025208931416273117
        ],
        [
          0.9144958853721619,
          0.4045950472354889,
          4.284623500439011e-08,
          -2.151116371154785
        ],
        [
          3.27184679349557e-08,
          3.667551595754048e-08,
          1.0,
          -3.2910921277107263e-07
        ]
      ],
      [
        [
          0.47110840678215027,
          0.8820752501487732,
          5.114203105449633e-08,
          -0.025208931416273117
        ],
        [
          -0.8820751309394836,
          0.4711082875728607,
          -9.187085225903502e-08,
          -2.151116371154785
        ],
        [
          -1.8066276652461966e-07,
