{
  "P": [
    [
      [
        [
          -0.7503821849822998,
          0.6610041260719299,
          1.0231276093009001e-07,
          0.5499374270439148
        ],
        [
          -0.6610042452812195,
          -0.7503821849822998,
          -3.706350071297493e-07,
          -0.045590631663799286
        ],
        [
          -1.525211814623617e-07,
          -2.632930033996672e-07,
          1.0,
          -4.132684416902066e-09
        ]
      ],
      [
        [
          -0.14054152369499207,
          -0.9900751113891602,
          -1.5303267275612598e-07,
          0.4767630398273468
        ],
        [
          0.990074872970581,
          -0.14054149389266968,
          -1.992492855151795e-07,
          -0.01763467863202095
        ],
        [
          1.825547570888375e-07,
          -1.1202141081412265e-07,
          1.0,
          -1.5985457402223346e-09
        ]
      ]
    ],
    [
      [
        [
          -0.7503821849822998,
          0.6610041260719299,
          1.0231276093009001e-07,
          0.5499374270439148
        ],
        [
          -0.6610042452812195,
          -0.7503821849822998,
          -3.706350071297493e-07,
          -0.045590631663799286
        ],
        [
          -1.525211814623617e-07,
          -2.632930033996672e-07,
          1.0,
          -4.132684416902066e-09
        ]
      ],
      [
        [
          -0.14054152369499207,
          -0.9900751113891602,
          -1.5303267275612598e-07,
          0.4767630398273468
        ],
        [
          0.990074872970581,
          -0.14054149389266968,
          -1.992492855151795e-07,
          -0.01763467863202095
        ],
        [
          1.825547570888375e-07,
          -1.1202141081412265e-07,
          1.0,
          -1.5985457402223346e-09
        ]
      ]
    ],
    [
      [
        [
          -0.728452205657959,
          0.6850965619087219,
          1.0199332223237434e-07,
          0.5499374270439148
        ],
        [
          -0.6850965619087219,
          -0.728452205657959,
          -3.6962873650736583e-07,
          -0.045590631663799286
        ],
        [
          -1.6056013407705905e-07,
          -2.572331538885919e-07,
          1.0,
          -4.132684416902066e-09
        ]
      ],
      [
        [
          -0.129229336977005,
          -0.9916150569915771,
          -1.532964972739137e-07,
          0.4767630398273468
        ],
        [
          0.991614818572998,
          -0.12922927737236023,
          -1.9944832274632063e-07,
          -0.01763467863202095
        ],
        [
          1.83985008561649e-07,
          -1.1021734280802775e-07,
          1.0,
          -1.5985457402223346e-09
        ]
      ]
    ],
    [
      [
        [
          -0.6650432348251343,
          0.7468047738075256,
          1.0096196945141855e-07,
          0.5499374270439148
        ],
        [
          -0.7468047738075256,
          -0.6650432348251343,
          -3.669534009986819e-07,
          -0.045590631663799286
        ],
        [
          -1.8135712309685914e-07,
          -2.3948447847033094e-07,
          1.0,
          -4.132684416902066e-09
        ]
      ],
      [
        [
          -0.09878599643707275,
          -0.9951090216636658,
          -1.5401565178763121e-07,
          0.4767630398273468
        ],
        [
          0.9951087832450867,
          -0.09878599643707275,
          -1.999675873776141e-07,
          -0.01763467863202095
        ],
        [
          1.877213122725152e-07,
          -1.0529532090686189e-07,
          1.0,
          -1.5985457402223346e-09
        ]
      ]
    ],
    [
      [
        [
          -0.562038004398346,
          0.8271113038063049,
          9.901667397116398e-08,
          0.5499374270439148
        ],
        [
          -0.8271113634109497,
          -0.5620378851890564,
          -3.631943741311261e-07,
          -0.045590631663799286
        ],
        [
          -2.0900694153169752e-07,
          -2.1008338535466464e-07,
          1.0,
          -4.132684416902066e-09
        ]
      ],
      [
        [
          -0.054454028606414795,
          -0.9985166192054749,
          -1.5508669548580656e-07,
          0.4767630398273468
        ],
        [
          0.9985164403915405,
          -0.05445399880409241,
          -2.0068131334483041e-07,
          -0.01763467863202095
        ],
        [
          1.928706581111328e-07,
          -9.795503075338274e-08,
          1.0,
          -1.5985457402223346e-09
        ]
      ]
    ],
    [
      [
        [
          -0.4252697229385376,
          0.9050666093826294,
          9.604548267816426e-08,
          0.5499374270439148
        ],
        [
          -0.9050666093826294,
          -0.4252697229385376,
          -3.590473909298453e-07,
          -0.045590631663799286
        ],
        [
          -2.3689707973062468e-07,
          -1.7022671272570733e-07,
          1.0,
          -4.132684416902066e-09
        ]
      ],
      [
        [
          -0.0016632378101348877,
          -0.9999988675117493,
          -1.5639858474969515e-07,
          0.4767630398273468
        ],
        [
          0.9999986290931702,
          -0.0016632080078125,
          -2.0146617885075102e-07,
          -0.01763467863202095
        ],
        [
          1.985557389616588e-07,
          -8.894933500869229e-08,
          1.0,
          -1.5985457402223346e-09
        ]
      ]
    ],
    [
      [
        [
          -0.26900777220726013,
          0.9631381034851074,
          9.223118269119368e-08,
          0.5499374270439148
        ],
        [
          -0.9631380438804626,
          -0.26900777220726013,
          -3.5522188568393176e-07,
          -0.045590631663799286
        ],
        [
          -2.592256578282104e-07,
          -1.2380441205550596e-07,
          1.0,
          -4.132684416902066e-09
        ]
      ],
      [
        [
          0.05392464995384216,
          -0.9985453486442566,
          -1.5782265450070554e-07,
          0.4767630398273468
        ],
        [
          0.9985450506210327,
          0.05392467975616455,
          -2.0221654040142312e-07,
          -0.01763467863202095
        ],
        [
          2.040191020569182e-07,
          -7.915656397017301e-08,
          1.0,
          -1.5985457402223346e-09
        ]
      ]
    ],
    [
      [
        [
          -0.11452317237854004,
          0.9934205412864685,
          8.809290363842592e-08,
          0.5499374270439148
        ],
        [
          -0.9934205412864685,
          -0.11452317237854004,
          -3.522386009535694e-07,
          -0.045590631663799286
        ],
        [
          -2.7295317295283894e-07,
          -7.713573779710714e-08,
          1.0,
          -4.132684416902066e-09
        ]
      ],
      [
        [
          0.106565922498703,
          -0.9943059682846069,
          -1.5921176554911654e-07,
          0.4767630398273468
        ],
        [
          0.9943057298660278,
          0.10656586289405823,
          -2.0285483515181113e-07,
          -0.01763467863202095
        ],
        [
          2.0869623540420434e-07,
          -6.958853759897465e-08,
          1.0,
          -1.5985457402223346e-09
        ]
      ]
    ],
    [
      [
        [
          0.01592838764190674,
          0.9998730421066284,
          8.433955400732884e-08,
          0.5499374270439148
        ],
        [
          -0.9998730421066284,
          0.01592838764190674,
          -3.502823346934747e-07,
          -0.045590631663799286
        ],
        [
          -2.786624122563808e-07,
          -3.7181482781534214e-08,
          1.0,
          -4.132684416902066e-09
        ]
      ],
      [
        [
          0.1506592035293579,
          -0.9885860681533813,
          -1.604060457793821e-07,
          0.4767630398273468
        ],
        [
          0.9885858297348022,
          0.15065914392471313,
          -2.033347357155435e-07,
          -0.01763467863202095
        ],
        [
          2.1223758039923268e-07,
          -6.135115881988895e-08,
          1.0,
          -1.5985457402223346e-09
        ]
      ]
    ],
    [
      [
        [
          0.10424774885177612,
          0.9945513010025024,
          8.16672383052719e-08,
          0.5499374270439148
        ],
        [
          -0.9945513010025024,
          0.10424777865409851,
          -3.4924315173157083e-07,
          -0.045590631663799286
        ],
        [
          -2.7954615688940976e-07,
          -9.854709048795485e-09,
          1.0,
          -4.132684416902066e-09
        ]
      ],
      [
        [
          0.18087831139564514,
          -0.9835058450698853,
          -1.6124093349390023e-07,
          0.4767630398273468
        ],
        [
          0.9835056066513062,
          0.18087831139564514,
          -2.036343289546494e-07,
          -0.01763467863202095
        ],
        [
          2.1446339815156534e-07,
          -5.558644033953897e-08,
          1.0,
          -1.5985457402223346e-09
        ]
      ]
    ],
    [
      [
        [
          0.13658908009529114,
          0.990627646446228,
          2.7339021357875026e-07,
          0.5499374270439148
        ],
        [
          -0.9906277656555176,
          0.13658908009529114,
          -1.935424052135204e-07,
          -0.04559064656496048
        ],
        [
          -1.5166459377269348e-07,
          -2.1193665133978357e-07,
          1.0,
          -4.132686193258905e-09
        ]
      ],
      [
        [
          0.19209441542625427,
          -0.9813767671585083,
          -1.8114866406904184e-07,
          0.4767630398273468
        ],
        [
          0.9813765287399292,
          0.19209441542625427,
          -1.541708058994118e-07,
          -0.01763467863202095
        ],
        [
          1.7036582278251444e-07,
          -8.217310210056894e-08,
          1.0,
          -1.5985457402223346e-09
        ]
      ]
    ],
    [
      [
        [
          0.11021128296852112,
          0.993908166885376,
          2.7689318926604756e-07,
          0.5499374270439148
        ],
        [
          -0.993908166885376,
          0.11021128296852112,
          -1.9588084398947103e-07,
          -0.04559064656496048
        ],
        [
          -1.4868827236114157e-07,
          -2.1911674252805824e-07,
          1.0,
          -4.132686193258905e-09
        ]
      ],
      [
        [
          0.18293923139572144,
          -0.9831245541572571,
          -1.8113109945261385e-07,
          0.4767630398273468
        ],
        [
          0.9831243753433228,
          0.18293923139572144,
          -1.54158371401536e-07,
          -0.01763467863202095
        ],
        [
          1.6957710613496602e-07,
          -8.374239257591398e-08,
          1.0,
          -1.5985457402223346e-09
        ]
      ]
    ],
    [
      [
        [
          0.037448734045028687,
          0.9992983937263489,
          2.861771122297796e-07,
          0.5499374270439148
        ],
        [
          -0.9992984533309937,
          0.03744879364967346,
          -2.027701242468538e-07,
          -0.04559064656496048
        ],
        [
          -1.3954810640370852e-07,
          -2.383942643291448e-07,
          1.0,
          -4.132686193258905e-09
        ]
      ],
      [
        [
          0.15797853469848633,
          -0.9874428510665894,
          -1.8108389099324995e-07,
          0.4767630398273468
        ],
        [
          0.9874426126480103,
          0.15797853469848633,
          -1.541237963920139e-07,
          -0.01763467863202095
        ],
        [
          1.6735994279315491e-07,
          -8.796968131719041e-08,
          1.0,
          -1.5985457402223346e-09
        ]
      ]
    ],
    [
      [
        [
          -0.0719362199306488,
          0.9974091649055481,
          2.9909892873547506e-07,
          0.5499374270439148
        ],
        [
          -0.9974092245101929,
          -0.07193616032600403,
          -2.1432519758946e-07,
          -0.04559064656496048
        ],
        [
          -1.2326700016274117e-07,
          -2.6593113489070674e-07,
          1.0,
          -4.132686193258905e-09
        ]
      ],
      [
        [
          0.12093931436538696,
          -0.9926601648330688,
          -1.8101582099916413e-07,
          0.4767630398273468
        ],
        [
          0.9926599860191345,
          0.12093931436538696,
          -1.5407056253025075e-07,
          -0.01763467863202095
        ],
        [
          1.6389188317589287e-07,
          -9.410599943748821e-08,
          1.0,
          -1.5985457402223346e-09
        ]
      ]
    ],
    [
      [
        [
          -0.20570328831672668,
          0.978614330291748,
          3.1319385129791044e-07,
          0.5499374270439148
        ],
        [
          -0.9786143898963928,
          -0.20570331811904907,
          -2.3043271824008116e-07,
          -0.04559064656496048
        ],
        [
          -9.916587373481889e-08,
          -2.972248012156342e-07,
          1.0,
          -4.132686193258905e-09
        ]
      ],
      [
        [
          0.0756537914276123,
          -0.9971345067024231,
          -1.8093578546540812e-07,
          0.4767630398273468
        ],
        [
          0.997134268283844,
          0.0756537914276123,
          -1.5400240727103665e-07,
          -0.01763467863202095
        ],
        [
          1.593669054500424e-07,
          -1.0139002881714987e-07,
          1.0,
          -1.5985457402223346e-09
        ]
      ]
    ],
    [
      [
        [
          -0.34835106134414673,
          0.9373639822006226,
          3.260281857819791e-07,
          0.5499374270439148
        ],
        [
          -0.9373641014099121,
          -0.34835100173950195,
          -2.5015282290041796e-07,
          -0.04559064656496048
        ],
        [
          -6.807282915133328e-08,
          -3.275325468621304e-07,
          1.0,
          -4.132686193258905e-09
        ]
      ],
      [
        [
          0.026140809059143066,
          -0.9996585845947266,
          -1.8085222563968273e-07,
          0.4767630398273468
        ],
        [
          0.9996583461761475,
          0.026140809059143066,
          -1.539241338832653e-07,
          -0.01763467863202095
        ],
        [
          1.5406550346597214e-07,
          -1.0908249237218115e-07,
          1.0,
          -1.5985457402223346e-09
        ]
      ]
    ],
    [
      [
        [
          -0.48331761360168457,
          0.8754450082778931,
          3.358007916176575e-07,
          0.5499374270439148
        ],
        [
          -0.8754450082778931,
          -0.48331761360168457,
          -2.7155604698236857e-07,
          -0.04559064656496048
        ],
        [
          -3.283455640712418e-08,
          -3.529018499648373e-07,
          1.0,
          -4.132686193258905e-09
        ]
      ],
      [
        [
          -0.02343645691871643,
          -0.9997255802154541,
          -1.807726448532776e-07,
          0.4767630398273468
        ],
        [
          0.9997254014015198,
          -0.023436397314071655,
          -1.5384178198019072e-07,
          -0.01763467863202095
        ],
        [
          1.48389361243062e-07,
          -1.1650271858343331e-07,
          1.0,
          -1.5985457402223346e-09
        ]
      ]
    ],
    [
      [
        [
          -0.5968940854072571,
          0.8023200631141663,
          3.418476239858137e-07,
          0.5499374270439148
        ],
        [
          -0.8023200631141663,
          -0.5968940854072571,
          -2.92087861453183e-07,
          -0.04559064656496048
        ],
        [
          2.1627073465424473e-09,
          -3.712142131462315e-07,
          1.0,
          -4.132686193258905e-09
        ]
      ],
      [
        [
          -0.06889393925666809,
          -0.9976242780685425,
          -1.8070323903884855e-07,
          0.4767630398273468
        ],
        [
          0.9976240992546082,
          -0.0688939094543457,
          -1.5376281226053834e-07,
          -0.01763467863202095
        ],
        [
          1.4286152349995973e-07,
          -1.230582995503937e-07,
          1.0,
          -1.5985457402223346e-09
        ]
      ]
    ],
    [
      [
        [
          -0.6809656023979187,
          0.7323153614997864,
          3.4467956311345915e-07,
          0.5499374270439148
        ],
        [
          -0.7323153614997864,
          -0.6809656023979187,
          -3.091896871865174e-07,
          -0.04559064656496048
        ],
        [
          3.210480770121649e-08,
          -3.8247608813435363e-07,
          1.0,
          -4.132686193258905e-09
        ]
      ],
      [
        [
          -0.10615518689155579,
          -0.9943498969078064,
          -1.8064895357383648e-07,
          0.4767630398273468
        ],
        [
          0.9943497180938721,
          -0.10615518689155579,
          -1.5369559491773543e-07,
          -0.01763467863202095
        ],
        [
          1.3809832921651832e-07,
          -1.2825388751025457e-07,
          1.0,
          -1.5985457402223346e-09
        ]
      ]
    ],
    [
      [
        [
          -0.7325484752655029,
          0.6807147264480591,
          3.4552132888165943e-07,
          0.5499374270439148
        ],
        [
          -0.6807147264480591,
          -0.7325484752655029,
          -3.20719891533372e-07,
          -0.04559064656496048
        ],
        [
          5.2674820949505374e-08,
          -3.8813661262793175e-07,
          1.0,
          -4.132686193258905e-09
        ]
      ],
      [
        [
          -0.1313074231147766,
          -0.9913419485092163,
          -1.806136253890145e-07,
          0.4767630398273468
        ],
        [
          0.991341769695282,
          -0.1313074231147766,
          -1.5364895489256014e-07,
          -0.01763467863202095
        ],
        [
          1.3476380900101503e-07,
          -1.3166955170618166e-07,
          1.0,
          -1.5985457402223346e-09
        ]
      ]
    ],
    [
      [
        [
          -0.7503821849822998,
          0.6610041260719299,
          1.0231276093009001e-07,
          0.5499374270439148
        ],
        [
          -0.6610042452812195,
          -0.7503821849822998,
          -3.706350071297493e-07,
          -0.045590631663799286
        ],
        [
          -1.525211814623617e-07,
          -2.632930033996672e-07,
          1.0,
          -4.132684416902066e-09
        ]
      ],
      [
        [
          -0.14054152369499207,
          -0.9900751113891602,
          -1.5303267275612598e-07,
          0.4767630398273468
        ],
        [
          0.990074872970581,
          -0.14054149389266968,
          -1.992492855151795e-07,
          -0.01763467863202095
        ],
        [
          1.825547570888375e-07,
          -1.1202141081412265e-07,
          1.0,
          -1.5985457402223346e-09
        ]
      ]
    ],
    [
      [
        [
          -0.7325484752655029,
          0.6807147264480591,
          1.0205458522705158e-07,
          0.5499374270439148
        ],
        [
          -0.6807147264480591,
          -0.7325484752655029,
          -3.698132218232786e-07,
          -0.045590631663799286
        ],
        [
          -1.590949665342123e-07,
          -2.583684590717894e-07,
          1.0,
          -4.132684416902066e-09
        ]
      ],
      [
        [
          -0.1313074231147766,
          -0.9913420081138611,
          -1.5324786772907828e-07,
          0.4767630398273468
        ],
        [
          0.991341769695282,
          -0.13130736351013184,
          -1.9941201401252329e-07,
          -0.01763467863202095
        ],
        [
          1.8372398358224018e-07,
          -1.1054974891067104e-07,
          1.0,
          -1.5985457402223346e-09
        ]
      ]
    ],
    [
      [
        [
          -0.6809655427932739,
          0.7323154211044312,
          1.0123456917199292e-07,
          0.5499374270439148
        ],
        [
          -0.7323154211044312,
          -0.6809655427932739,
          -3.675955895232619e-07,
          -0.045590631663799286
        ],
        [
          -1.7644440220010438e-07,
          -2.4396996423092787e-07,
          1.0,
          -4.132684416902066e-09
        ]
      ],
      [
        [
          -0.10615518689155579,
          -0.9943498969078064,
          -1.5384034668386448e-07,
          0.4767630398273468
        ],
        [
          0.9943497180938721,
          -0.10615518689155579,
          -1.998440808392843e-07,
          -0.01763467863202095
        ],
        [
          1.868319259301643e-07,
          -1.0649564785580878e-07,
          1.0,
          -1.5985457402223346e-09
        ]
      ]
    ],
    [
      [
        [
          -0.5968940854072571,
          0.8023200631141663,
          9.970721492891244e-08,
          0.5499374270439148
        ],
        [
          -0.8023200631141663,
          -0.5968940854072571,
          -3.6439618611439073e-07,
          -0.045590631663799286
        ],
        [
          -2.003839369990601e-07,
          -2.2010051736742753e-07,
          1.0,
          -4.132684416902066e-09
        ]
      ],
      [
        [
          -0.06889393925666809,
          -0.9976242780685425,
          -1.5473473524707515e-07,
          0.4767630398273468
        ],
        [
          0.9976240992546082,
          -0.0688939094543457,
          -2.004543375733192e-07,
          -0.01763467863202095
        ],
        [
          1.9123116601349466e-07,
          -1.003682754685542e-07,
          1.0,
          -1.5985457402223346e-09
        ]
      ]
    ],
    [
      [
        [
          -0.4833177328109741,
          0.8754450082778931,
          9.735346395700617e-08,
          0.5499374270439148
        ],
        [
          -0.8754450082778931,
          -0.4833177328109741,
          -3.607054566145962e-07,
          -0.045590631663799286
        ],
        [
          -2.2612580607983546e-07,
          -1.8724180961271486e-07,
          1.0,
          -4.132684416902066e-09
        ]
      ],
      [
        [
          -0.02343645691871643,
          -0.9997255802154541,
          -1.558527173983748e-07,
          0.4767630398273468
        ],
        [
          0.999725341796875,
          -0.023436397314071655,
          -2.0115101051487727e-07,
          -0.01763467863202095
        ],
        [
          1.9626962455276953e-07,
          -9.269841427794745e-08,
          1.0,
          -1.5985457402223346e-09
        ]
      ]
    ],
    [
      [
        [
          -0.3483509421348572,
          0.9373641014099121,
          9.421818703003737e-08,
          0.5499374270439148
        ],
        [
          -0.9373641014099121,
          -0.3483509421348572,
          -3.5705500067706453e-07,
          -0.045590631663799286
        ],
        [
          -2.4903039275159244e-07,
          -1.4748164289812848e-07,
          1.0,
          -4.132684416902066e-09
        ]
      ],
      [
        [
          0.026140838861465454,
          -0.9996585249900818,
          -1.5710541845237458e-07,
          0.4767630398273468
        ],
        [
          0.9996582865715027,
          0.026140838861465454,
          -2.0185126459182356e-07,
          -0.01763467863202095
        ],
        [
          2.013554905033743e-07,
          -8.409092799865903e-08,
          1.0,
          -1.5985457402223346e-09
        ]
      ]
    ],
    [
      [
        [
          -0.20570313930511475,
          0.9786144495010376,
          9.05769326209338e-08,
          0.5499374270439148
        ],
        [
          -0.9786143898963928,
          -0.20570307970046997,
          -3.539090869253414e-07,
          -0.045590631663799286
        ],
        [
          -2.6579465384202194e-07,
          -1.0476809109150054e-07,
          1.0,
          -4.132684416902066e-09
        ]
      ],
      [
        [
          0.07565385103225708,
          -0.9971344470977783,
          -1.583912592195702e-07,
          0.4767630398273468
        ],
        [
          0.9971342086791992,
          0.07565391063690186,
          -2.0248859300409094e-07,
          -0.01763467863202095
        ],
        [
          2.060085364519182e-07,
          -7.524192824348575e-08,
          1.0,
          -1.5985457402223346e-09
        ]
      ]
    ],
    [
      [
        [
          -0.07193630933761597,
          0.9974091053009033,
          8.689308117482142e-08,
          0.5499374270439148
        ],
        [
          -0.9974091649055481,
          -0.07193630933761597,
          -3.5154454280927894e-07,
          -0.045590631663799286
        ],
        [
          -2.753961325652199e-07,
          -6.414609288185602e-08,
          1.0,
          -4.132684416902066e-09
        ]
      ],
      [
        [
          0.12093931436538696,
          -0.9926602244377136,
          -1.5959795973685686e-07,
          0.4767630398273468
        ],
        [
          0.9926599860191345,
          0.12093925476074219,
          -2.03016810473855e-07,
          -0.01763467863202095
        ],
        [
          2.0988859716908337e-07,
          -6.692583554013254e-08,
          1.0,
          -1.5985457402223346e-09
        ]
      ]
    ],
    [
      [
        [
          0.0374489426612854,
          0.9992985129356384,
          8.369818260689499e-08,
          0.5499374270439148
        ],
        [
          -0.9992985129356384,
          0.0374489426612854,
          -3.5000783782379585e-07,
          -0.045590631663799286
        ],
        [
          -2.790999928947713e-07,
          -3.0543457540943564e-08,
          1.0,
          -4.132684416902066e-09
        ]
      ],
      [
        [
          0.15797856450080872,
          -0.9874427914619446,
          -1.606070156867645e-07,
          0.4767630398273468
        ],
        [
          0.9874425530433655,
          0.15797856450080872,
          -2.034095132330549e-07,
          -0.01763467863202095
        ],
        [
          2.127918463656897e-07,
          -5.996385965545414e-08,
          1.0,
          -1.5985457402223346e-09
        ]
      ]
    ],
    [
      [
        [
          0.1102113425731659,
          0.9939082264900208,
          8.148295904675251e-08,
          0.5499374270439148
        ],
        [
          -0.9939082264900208,
          0.1102113425731659,
          -3.491813345135597e-07,
          -0.045590631663799286
        ],
        [
          -2.795185309878434e-07,
          -8.001439510962882e-09,
          1.0,
          -4.132684416902066e-09
        ]
      ],
      [
        [
          0.18293923139572144,
          -0.9831245541572571,
          -1.6129837376865908e-07,
          0.4767630398273468
        ],
        [
          0.983124315738678,
          0.18293923139572144,
          -2.036538830907375e-07,
          -0.01763467863202095
        ],
        [
          2.1460917309923389e-07,
          -5.518970169759996e-08,
          1.0,
          -1.5985457402223346e-09
        ]
      ]
    ],
    [
      [
        [
          0.13658908009529114,
          0.990627646446228,
          2.7339021357875026e-07,
          0.5499374270439148
        ],
        [
          -0.9906277656555176,
          0.13658908009529114,
          -1.935424052135204e-07,
          -0.04559064656496048
        ],
        [
          -1.5166459377269348e-07,
          -2.1193665133978357e-07,
          1.0,
          -4.132686193258905e-09
        ]
      ],
      [
        [
          0.19209441542625427,
          -0.9813767671585083,
          -1.8114866406904184e-07,
          0.4767630398273468
        ],
        [
          0.9813765287399292,
          0.19209441542625427,
          -1.541708058994118e-07,
          -0.01763467863202095
        ],
        [
          1.7036582278251444e-07,
          -8.217310210056894e-08,
          1.0,
          -1.5985457402223346e-09
        ]
      ]
    ],
    [
      [
        [
          0.11021128296852112,
          0.993908166885376,
          2.7689318926604756e-07,
          0.5499374270439148
        ],
        [
          -0.993908166885376,
          0.11021128296852112,
          -1.9588084398947103e-07,
          -0.04559064656496048
        ],
        [
          -1.4868827236114157e-07,
          -2.1911674252805824e-07,
          1.0,
          -4.132686193258905e-09
        ]
      ],
      [
        [
          0.18293923139572144,
          -0.9831245541572571,
          -1.8113109945261385e-07,
          0.4767630398273468
        ],
        [
          0.9831243753433228,
          0.18293923139572144,
          -1.54158371401536e-07,
          -0.01763467863202095
        ],
        [
          1.6957710613496602e-07,
          -8.374239257591398e-08,
          1.0,
          -1.5985457402223346e-09
        ]
      ]
    ],
    [
      [
        [
          0.037448734045028687,
          0.9992983937263489,
          2.861771122297796e-07,
          0.5499374270439148
        ],
        [
          -0.9992984533309937,
          0.03744879364967346,
          -2.027701242468538e-07,
          -0.04559064656496048
        ],
        [
          -1.3954810640370852e-07,
          -2.383942643291448e-07,
          1.0,
          -4.132686193258905e-09
        ]
      ],
      [
        [
          0.15797853469848633,
          -0.9874428510665894,
          -1.8108389099324995e-07,
          0.4767630398273468
        ],
        [
          0.9874426126480103,
          0.15797853469848633,
          -1.541237963920139e-07,
          -0.01763467863202095
        ],
        [
          1.6735994279315491e-07,
          -8.796968131719041e-08,
          1.0,
          -1.5985457402223346e-09
        ]
      ]
    ],
    [
      [
        [
          -0.07193633913993835,
          0.9974091053009033,
          2.9909892873547506e-07,
          0.5499374270439148
        ],
        [
          -0.9974091053009033,
          -0.07193633913993835,
          -2.1432524022202415e-07,
          -0.04559064656496048
        ],
        [
          -1.2326697174103174e-07,
          -2.659311633124162e-07,
          1.0,
          -4.132686193258905e-09
        ]
      ],
      [
        [
          0.12093931436538696,
          -0.9926602244377136,
          -1.8101582099916413e-07,
          0.4767630398273468
        ],
        [
          0.9926599860191345,
          0.12093925476074219,
          -1.5407056253025075e-07,
          -0.01763467863202095
        ],
        [
          1.6389188317589287e-07,
          -9.410599943748821e-08,
          1.0,
          -1.5985457402223346e-09
        ]
      ]
    ],
    [
      [
        [
          -0.20570328831672668,
          0.978614330291748,
          3.1319385129791044e-07,
          0.5499374270439148
        ],
        [
          -0.9786143898963928,
          -0.20570331811904907,
          -2.3043271824008116e-07,
          -0.04559064656496048
        ],
        [
          -9.916587373481889e-08,
          -2.972248012156342e-07,
          1.0,
          -4.132686193258905e-09
        ]
      ],
      [
        [
          0.0756537914276123,
          -0.9971345067024231,
          -1.8093578546540812e-07,
          0.4767630398273468
        ],
        [
          0.997134268283844,
          0.0756537914276123,
          -1.5400240727103665e-07,
          -0.01763467863202095
        ],
        [
          1.593669054500424e-07,
          -1.0139002881714987e-07,
          1.0,
          -1.5985457402223346e-09
        ]
      ]
    ],
    [
      [
        [
          -0.3483509421348572,
          0.9373641014099121,
          3.260281573602697e-07,
          0.5499374270439148
        ],
        [
          -0.9373641014099121,
          -0.3483509421348572,
          -2.5015282290041796e-07,
          -0.04559064656496048
        ],
        [
          -6.807285046761535e-08,
          -3.275325468621304e-07,
          1.0,
          -4.132686193258905e-09
        ]
      ],
      [
        [
          0.026140809059143066,
          -0.9996585249900818,
          -1.8085222563968273e-07,
          0.4767630398273468
        ],
        [
          0.9996583461761475,
          0.026140838861465454,
          -1.539241338832653e-07,
          -0.01763467863202095
        ],
        [
          1.5406550346597214e-07,
          -1.0908247816132643e-07,
          1.0,
          -1.5985457402223346e-09
        ]
      ]
    ],
    [
      [
        [
          -0.48331761360168457,
          0.8754450082778931,
          3.358007916176575e-07,
          0.5499374270439148
        ],
        [
          -0.8754450082778931,
          -0.48331761360168457,
          -2.7155604698236857e-07,
          -0.04559064656496048
        ],
        [
          -3.283455640712418e-08,
          -3.529018499648373e-07,
          1.0,
          -4.132686193258905e-09
        ]
      ],
      [
        [
          -0.02343645691871643,
          -0.9997255802154541,
          -1.807726448532776e-07,
          0.4767630398273468
        ],
        [
          0.9997254014015198,
          -0.023436397314071655,
          -1.5384178198019072e-07,
          -0.01763467863202095
        ],
        [
          1.48389361243062e-07,
          -1.1650271858343331e-07,
          1.0,
          -1.5985457402223346e-09
        ]
      ]
    ],
    [
      [
        [
          -0.5968940258026123,
          0.802320122718811,
          3.4184768082923256e-07,
          0.5499374270439148
        ],
        [
          -0.8023201823234558,
          -0.5968940258026123,
          -2.9208780460976413e-07,
          -0.04559064656496048
        ],
        [
          2.1627357682518777e-09,
          -3.712142131462315e-07,
          1.0,
          -4.132686193258905e-09
        ]
      ],
      [
        [
          -0.06889393925666809,
          -0.9976242780685425,
          -1.8070323903884855e-07,
          0.4767630398273468
        ],
        [
          0.9976240992546082,
          -0.0688939094543457,
          -1.5376281226053834e-07,
          -0.01763467863202095
        ],
        [
          1.4286152349995973e-07,
          -1.230582995503937e-07,
          1.0,
          -1.5985457402223346e-09
        ]
      ]
    ],
    [
      [
        [
          -0.6809654831886292,
          0.7323154807090759,
          3.4467947784833086e-07,
          0.5499374270439148
        ],
        [
          -0.7323154807090759,
          -0.6809654831886292,
          -3.0918971560822683e-07,
          -0.04559064656496048
        ],
        [
          3.210468690895141e-08,
          -3.824760597126442e-07,
          1.0,
          -4.132686193258905e-09
        ]
      ],
      [
        [
          -0.10615509748458862,
          -0.9943499565124512,
          -1.8064895357383648e-07,
          0.4767630398273468
        ],
        [
          0.9943497180938721,
          -0.10615509748458862,
          -1.5369559491773543e-07,
          -0.01763467863202095
        ],
        [
          1.3809834342737304e-07,
          -1.2825387329939986e-07,
          1.0,
          -1.5985457402223346e-09
        ]
      ]
    ],
    [
      [
        [
          -0.7325484752655029,
          0.6807147860527039,
          3.4552130045995e-07,
          0.5499374270439148
        ],
        [
          -0.6807148456573486,
          -0.7325484156608582,
          -3.20719891533372e-07,
          -0.04559064656496048
        ],
        [
          5.267474634251812e-08,
          -3.8813661262793175e-07,
          1.0,
          -4.132686193258905e-09
        ]
      ],
      [
        [
          -0.1313074231147766,
          -0.9913419485092163,
          -1.806136253890145e-07,
          0.4767630398273468
        ],
        [
          0.991341769695282,
          -0.1313074231147766,
          -1.5364895489256014e-07,
          -0.01763467863202095
        ],
        [
          1.3476380900101503e-07,
          -1.3166955170618166e-07,
          1.0,
          -1.5985457402223346e-09
        ]
      ]
    ],
    [
      [
        [
          -0.7503821849822998,
          0.6610041260719299,
          1.0231276093009001e-07,
          0.5499374270439148
        ],
        [
          -0.6610042452812195,
          -0.7503821849822998,
          -3.706350071297493e-07,
          -0.045590631663799286
        ],
        [
          -1.525211814623617e-07,
          -2.632930033996672e-07,
          1.0,
          -4.132684416902066e-09
        ]
      ],
      [
        [
          -0.14054152369499207,
          -0.9900751113891602,
          -1.5303267275612598e-07,
          0.4767630398273468
        ],
        [
          0.990074872970581,
          -0.14054149389266968,
          -1.992492855151795e-07,
          -0.01763467863202095
        ],
        [
          1.825547570888375e-07,
          -1.1202141081412265e-07,
          1.0,
          -1.5985457402223346e-09
        ]
      ]
    ],
    [
      [
        [
          -0.7325484752655029,
          0.6807147264480591,
          1.0205458522705158e-07,
          0.5499374270439148
        ],
        [
          -0.6807147264480591,
          -0.7325484752655029,
          -3.698132218232786e-07,
          -0.045590631663799286
        ],
        [
          -1.590949665342123e-07,
          -2.583684590717894e-07,
          1.0,
          -4.132684416902066e-09
        ]
      ],
      [
        [
          -0.1313074231147766,
          -0.9913420081138611,
          -1.5324786772907828e-07,
          0.4767630398273468
        ],
        [
          0.991341769695282,
          -0.13130736351013184,
          -1.9941201401252329e-07,
          -0.01763467863202095
        ],
        [
          1.8372398358224018e-07,
          -1.1054974891067104e-07,
          1.0,
          -1.5985457402223346e-09
        ]
      ]
    ],
    [
      [
        [
          -0.6809654831886292,
          0.7323154807090759,
          1.0123456917199292e-07,
          0.5499374270439148
        ],
        [
          -0.7323154807090759,
          -0.6809654831886292,
          -3.675955895232619e-07,
          -0.045590631663799286
        ],
        [
          -1.764444164109591e-07,
          -2.4396996423092787e-07,
          1.0,
          -4.132684416902066e-09
        ]
      ],
      [
        [
          -0.10615518689155579,
          -0.9943498969078064,
          -1.5384034668386448e-07,
          0.4767630398273468
        ],
        [
          0.9943497180938721,
          -0.10615518689155579,
          -1.998440808392843e-07,
          -0.01763467863202095
        ],
        [
          1.86831940141019e-07,
          -1.0649564785580878e-07,
          1.0,
          -1.5985457402223346e-09
        ]
      ]
    ],
    [
      [
        [
          -0.5968939065933228,
          0.802320122718811,
          9.970722913976715e-08,
          0.5499374270439148
        ],
        [
          -0.802320122718811,
          -0.5968939065933228,
          -3.6439618611439073e-07,
          -0.045590631663799286
        ],
        [
          -2.003839369990601e-07,
          -2.201004889457181e-07,
          1.0,
          -4.132684416902066e-09
        ]
      ],
      [
        [
          -0.06889387965202332,
          -0.9976243376731873,
          -1.5473473524707515e-07,
          0.4767630398273468
        ],
        [
          0.9976240992546082,
          -0.06889387965202332,
          -2.004543375733192e-07,
          -0.01763467863202095
        ],
        [
          1.9123116601349466e-07,
          -1.003682754685542e-07,
          1.0,
          -1.5985457402223346e-09
        ]
      ]
    ],
    [
      [
        [
