{
  "P": [
    [
      [
        [
          -0.7503821849822998,
          0.6610041260719299,
          1.0231276093009001e-07,
          0.5499374270439148
        ],
        [
          -0.6610042452812195,
          -0.7503821849822998,
          -3.706350071297493e-07,
          -0.045590631663799286
        ],
        [
          -1.525211814623617e-07,
          -2.632930033996672e-07,
          1.0,
          -4.132684416902066e-09
        ]
      ],
      [
        [
          -0.14054152369499207,
          -0.9900751113891602,
          -1.5303267275612598e-07,
          0.4767630398273468
        ],
        [
          0.990074872970581,
          -0.14054149389266968,
          -1.992492855151795e-07,
          -0.01763467863202095
        ],
        [
          1.825547570888375e-07,
          -1.1202141081412265e-07,
          1.0,
          -1.5985457402223346e-09
        ]
      ]
    ],
    [
      [
        [
          -0.7503821849822998,
          0.6610041260719299,
          1.0231276093009001e-07,
          0.5499374270439148
        ],
        [
          -0.6610042452812195,
          -0.7503821849822998,
          -3.706350071297493e-07,
          -0.045590631663799286
        ],
        [
          -1.525211814623617e-07,
          -2.632930033996672e-07,
          1.0,
          -4.132684416902066e-09
        ]
      ],
      [
        [
          -0.14054152369499207,
          -0.9900751113891602,
          -1.5303267275612598e-07,
          0.4767630398273468
        ],
        [
          0.990074872970581,
          -0.14054149389266968,
          -1.992492855151795e-07,
          -0.01763467863202095
        ],
        [
          1.825547570888375e-07,
          -1.1202141081412265e-07,
          1.0,
          -1.5985457402223346e-09
        ]
      ]
    ],
    [
      [
        [
          -0.7472045421600342,
          0.6645941138267517,
          1.0226781199662582e-07,
          0.5499374270439148
        ],
        [
          -0.6645941734313965,
          -0.7472045421600342,
          -3.704862763243e-07,
          -0.045590631663799286
        ],
        [
          -1.5371647066331207e-07,
          -2.624177568577579e-07,
          1.0,
          -4.132684416902066e-09
        ]
      ],
      [
        [
          -0.13887301087379456,
          -0.9903104901313782,
          -1.5307146838949848e-07,
          0.4767630398273468
        ],
        [
          0.9903103113174438,
          -0.13887295126914978,
          -1.9927887251469656e-07,
          -0.01763467863202095
        ],
        [
          1.8276715252341091e-07,
          -1.117561652108634e-07,
          1.0,
          -1.5985457402223346e-09
        ]
      ]
    ],
    [
      [
        [
          -0.7379170060157776,
          0.6748913526535034,
          1.0213379653123411e-07,
          0.5499374270439148
        ],
        [
          -0.6748913526535034,
          -0.7379170060157776,
          -3.7005736430728575e-07,
          -0.045590631663799286
        ],
        [
          -1.571499268493426e-07,
          -2.598540334020072e-07,
          1.0,
          -4.132684416902066e-09
        ]
      ],
      [
        [
          -0.13405463099479675,
          -0.9909742474555969,
          -1.5318371993089386e-07,
          0.4767630398273468
        ],
        [
          0.9909740686416626,
          -0.1340545415878296,
          -1.9936383921503875e-07,
          -0.01763467863202095
        ],
        [
          1.8337773610710428e-07,
          -1.1098852326085762e-07,
          1.0,
          -1.5985457402223346e-09
        ]
      ]
    ],
    [
      [
        [
          -0.7227534055709839,
          0.6911060214042664,
          1.0190689891942384e-07,
          0.5499374270439148
        ],
        [
          -0.6911060214042664,
          -0.7227533459663391,
          -3.6937467484676745e-07,
          -0.045590631663799286
        ],
        [
          -1.625718795139619e-07,
          -2.5565122996340506e-07,
          1.0,
          -4.132684416902066e-09
        ]
      ],
      [
        [
          -0.1263633370399475,
          -0.9919843673706055,
          -1.533636151407336e-07,
          0.4767630398273468
        ],
        [
          0.9919840693473816,
          -0.1263633370399475,
          -1.9949823126808042e-07,
          -0.01763467863202095
        ],
        [
          1.8434374737807957e-07,
          -1.0975812614333336e-07,
          1.0,
          -1.5985457402223346e-09
        ]
      ]
    ],
    [
      [
        [
          -0.7018235921859741,
          0.7123506665229797,
          1.0157835106383573e-07,
          0.5499374270439148
        ],
        [
          -0.7123506665229797,
          -0.7018235921859741,
          -3.68465805422602e-07,
          -0.045590631663799286
        ],
        [
          -1.6970604121979704e-07,
          -2.4981787305478065e-07,
          1.0,
          -4.132684416902066e-09
        ]
      ],
      [
        [
          -0.11607369780540466,
          -0.9932409524917603,
          -1.5360561178567878e-07,
          0.4767630398273468
        ],
        [
          0.9932407140731812,
          -0.1160736083984375,
          -1.9967566800005443e-07,
          -0.01763467863202095
        ],
        [
          1.8561974002295756e-07,
          -1.0810227024649066e-07,
          1.0,
          -1.5985457402223346e-09
        ]
      ]
    ],
    [
      [
        [
          -0.6751829385757446,
          0.7376503348350525,
          1.0113655690702217e-07,
          0.5499374270439148
        ],
        [
          -0.7376503348350525,
          -0.6751829385757446,
          -3.6736020092575927e-07,
          -0.045590631663799286
        ],
        [
          -1.7825094289491972e-07,
          -2.4234302031800325e-07,
          1.0,
          -4.132684416902066e-09
        ]
      ],
      [
        [
          -0.10345962643623352,
          -0.9946339726448059,
          -1.5390438079521118e-07,
          0.4767630398273468
        ],
        [
          0.9946337342262268,
          -0.10345953702926636,
          -1.998894276766805e-07,
          -0.01763467863202095
        ],
        [
          1.871583776846819e-07,
          -1.0605722877699009e-07,
          1.0,
          -1.5985457402223346e-09
        ]
      ]
    ],
    [
      [
        [
          -0.6428957581520081,
          0.7659536600112915,
          1.0056918142709037e-07,
          0.5499374270439148
        ],
        [
          -0.7659536600112915,
          -0.6428957581520081,
          -3.660897505142202e-07,
          -0.045590631663799286
        ],
        [
          -1.878812554423348e-07,
          -2.3321656783537037e-07,
          1.0,
          -4.132684416902066e-09
        ]
      ],
      [
        [
          -0.08879733085632324,
          -0.9960500001907349,
          -1.5425453625539376e-07,
          0.4767630398273468
        ],
        [
          0.9960498213768005,
          -0.08879733085632324,
          -2.0013277435282362e-07,
          -0.01763467863202095
        ],
        [
          1.889115992526058e-07,
          -1.0365923230892804e-07,
          1.0,
          -1.5985457402223346e-09
        ]
      ]
    ],
    [
      [
        [
          -0.6050957441329956,
          0.796152651309967,
          9.986518989535398e-08,
          0.5499374270439148
        ],
        [
          -0.796152651309967,
          -0.6050957441329956,
          -3.6468881603468617e-07,
          -0.045590631663799286
        ],
        [
          -1.9825216668323264e-07,
          -2.2244800845783175e-07,
          1.0,
          -4.132684416902066e-09
        ]
      ],
      [
        [
          -0.07236716151237488,
          -0.9973783493041992,
          -1.5465053593288758e-07,
          0.4767630398273468
        ],
        [
          0.9973781108856201,
          -0.07236716151237488,
          -2.0039894366163935e-07,
          -0.01763467863202095
        ],
        [
          1.9083137203779188e-07,
          -1.0094551328165835e-07,
          1.0,
          -1.5985457402223346e-09
        ]
      ]
    ],
    [
      [
        [
          -0.562038004398346,
          0.8271113038063049,
          9.901667397116398e-08,
          0.5499374270439148
        ],
        [
          -0.8271113634109497,
          -0.5620378851890564,
          -3.631943741311261e-07,
          -0.045590631663799286
        ],
        [
          -2.0900694153169752e-07,
          -2.1008338535466464e-07,
          1.0,
          -4.132684416902066e-09
        ]
      ],
      [
        [
          -0.054454028606414795,
          -0.9985166192054749,
          -1.5508669548580656e-07,
          0.4767630398273468
        ],
        [
          0.9985164403915405,
          -0.05445399880409241,
          -2.0068131334483041e-07,
          -0.01763467863202095
        ],
        [
          1.928706581111328e-07,
          -9.795503075338274e-08,
          1.0,
          -1.5985457402223346e-09
        ]
      ]
    ],
    [
      [
        [
          -0.5141387581825256,
          0.8577069640159607,
          9.802069911302169e-08,
          0.5499374270439148
        ],
        [
          -0.8577069640159607,
          -0.5141387581825256,
          -3.616450214849465e-07,
          -0.045590631663799286
        ],
        [
          -2.1978820541335153e-07,
          -1.962187354820344e-07,
          1.0,
          -4.132684416902066e-09
        ]
      ],
      [
        [
          -0.03534901142120361,
          -0.9993753433227539,
          -1.5555690424662316e-07,
          0.4767630398273468
        ],
        [
          0.9993751049041748,
          -0.03534892201423645,
          -2.0097348851777497e-07,
          -0.01763467863202095
        ],
        [
          1.9498402537010406e-07,
          -9.472898909734795e-08,
          1.0,
          -1.5985457402223346e-09
        ]
      ]
    ],
    [
      [
        [
          -0.4620000123977661,
          0.8868798613548279,
          9.688065460977668e-08,
          0.5499374270439148
        ],
        [
          -0.8868799209594727,
          -0.46199995279312134,
          -3.6008015058541787e-07,
          -0.045590631663799286
        ],
        [
          -2.3025273776511312e-07,
          -1.8100902821061027e-07,
          1.0,
          -4.132684416902066e-09
        ]
      ],
      [
        [
          -0.015347421169281006,
          -0.9998825192451477,
          -1.5605473890900612e-07,
          0.4767630398273468
        ],
        [
          0.9998823404312134,
          -0.015347391366958618,
          -2.0126950062149263e-07,
          -0.01763467863202095
        ],
        [
          1.9712855703346577e-07,
          -9.131128564376922e-08,
          1.0,
          -1.5985457402223346e-09
        ]
      ]
    ],
    [
      [
        [
          -0.4064147174358368,
          0.9136887192726135,
          9.560712754819178e-08,
          0.5499374270439148
        ],
        [
          -0.9136887788772583,
          -0.4064146876335144,
          -3.585382160053996e-07,
          -0.045590631663799286
        ],
        [
          -2.40088240843761e-07,
          -1.646713485570217e-07,
          1.0,
          -4.132684416902066e-09
        ]
      ],
      [
        [
          0.005250215530395508,
          -0.999986469745636,
          -1.5657330720841856e-07,
          0.4767630398273468
        ],
        [
          0.9999862313270569,
          0.0052502453327178955,
          -2.015637647900803e-07,
          -0.01763467863202095
        ],
        [
          1.9926443428630591e-07,
          -8.774873094807845e-08,
          1.0,
          -1.5985457402223346e-09
        ]
      ]
    ],
    [
      [
        [
          -0.3483509421348572,
          0.9373641014099121,
          9.421818703003737e-08,
          0.5499374270439148
        ],
        [
          -0.9373641014099121,
          -0.3483509421348572,
          -3.5705500067706453e-07,
          -0.045590631663799286
        ],
        [
          -2.4903039275159244e-07,
          -1.4748164289812848e-07,
          1.0,
          -4.132684416902066e-09
        ]
      ],
      [
        [
          0.026140838861465454,
          -0.9996585249900818,
          -1.5710541845237458e-07,
          0.4767630398273468
        ],
        [
          0.9996582865715027,
          0.026140838861465454,
          -2.0185126459182356e-07,
          -0.01763467863202095
        ],
        [
          2.013554905033743e-07,
          -8.409092799865903e-08,
          1.0,
          -1.5985457402223346e-09
        ]
      ]
    ],
    [
      [
        [
          -0.28891754150390625,
          0.957353949546814,
          9.27390289007235e-08,
          0.5499374270439148
        ],
        [
          -0.957353949546814,
          -0.2889174818992615,
          -3.556617400590767e-07,
          -0.045590631663799286
        ],
        [
          -2.56877626725327e-07,
          -1.2976528296348988e-07,
          1.0,
          -4.132684416902066e-09
        ]
      ],
      [
        [
          0.04702004790306091,
          -0.9988943338394165,
          -1.5764337035761855e-07,
          0.4767630398273468
        ],
        [
          0.9988940358161926,
          0.04701998829841614,
          -2.0212760887261538e-07,
          -0.01763467863202095
        ],
        [
          2.0336970862899761e-07,
          -8.039026511141856e-08,
          1.0,
          -1.5985457402223346e-09
        ]
      ]
    ],
    [
      [
        [
          -0.22931480407714844,
          0.9733522534370422,
          9.120083888092267e-08,
          0.5499374270439148
        ],
        [
          -0.9733522534370422,
          -0.22931474447250366,
          -3.543837010511197e-07,
          -0.045590631663799286
        ],
        [
          -2.635015334817581e-07,
          -1.1188290471864093e-07,
          1.0,
          -4.132684416902066e-09
        ]
      ],
      [
        [
          0.0675840675830841,
          -0.9977138042449951,
          -1.5817929011063825e-07,
          0.4767630398273468
        ],
        [
          0.9977136850357056,
          0.0675840973854065,
          -2.0238894649082795e-07,
          -0.01763467863202095
        ],
        [
          2.0527933486391703e-07,
          -7.670146828786528e-08,
          1.0,
          -1.5985457402223346e-09
        ]
      ]
    ],
    [
      [
        [
          -0.17077821493148804,
          0.9853094816207886,
          8.96393288485342e-08,
          0.5499374270439148
        ],
        [
          -0.9853094816207886,
          -0.17077815532684326,
          -3.532391019689385e-07,
          -0.045590631663799286
        ],
        [
          -2.6885163606493734e-07,
          -9.421319902003233e-08,
          1.0,
          -4.132684416902066e-09
        ]
      ],
      [
        [
          0.0875316858291626,
          -0.9961619973182678,
          -1.5870492120484414e-07,
          0.4767630398273468
        ],
        [
          0.9961617588996887,
          0.08753171563148499,
          -2.0263220790184278e-07,
          -0.01763467863202095
        ],
        [
          2.0706112024981849e-07,
          -7.308139515771472e-08,
          1.0,
          -1.5985457402223346e-09
        ]
      ]
    ],
    [
      [
        [
          -0.11452317237854004,
          0.9934205412864685,
          8.809290363842592e-08,
          0.5499374270439148
        ],
        [
          -0.9934205412864685,
          -0.11452317237854004,
          -3.522386009535694e-07,
          -0.045590631663799286
        ],
        [
          -2.7295317295283894e-07,
          -7.713573779710714e-08,
          1.0,
          -4.132684416902066e-09
        ]
      ],
      [
        [
          0.106565922498703,
          -0.9943059682846069,
          -1.5921176554911654e-07,
          0.4767630398273468
        ],
        [
          0.9943057298660278,
          0.10656586289405823,
          -2.0285483515181113e-07,
          -0.01763467863202095
        ],
        [
          2.0869623540420434e-07,
          -6.958853759897465e-08,
          1.0,
          -1.5985457402223346e-09
        ]
      ]
    ],
    [
      [
        [
          -0.061697304248809814,
          0.9980948567390442,
          8.660090600187687e-08,
          0.5499374270439148
        ],
        [
          -0.9980948567390442,
          -0.061697304248809814,
          -3.5138572229698184e-07,
          -0.045590631663799286
        ],
        [
          -2.7589939577410405e-07,
          -6.101524974155836e-08,
          1.0,
          -4.132684416902066e-09
        ]
      ],
      [
        [
          0.1243949830532074,
          -0.9922330975532532,
          -1.5969125399806217e-07,
          0.4767630398273468
        ],
        [
          0.9922328591346741,
          0.12439495325088501,
          -2.030549524079106e-07,
          -0.01763467863202095
        ],
        [
          2.101698157730425e-07,
          -6.628243909290177e-08,
          1.0,
          -1.5985457402223346e-09
        ]
      ]
    ],
    [
      [
        [
          -0.013349473476409912,
          0.999910831451416,
          8.520206051798596e-08,
          0.5499374270439148
        ],
        [
          -0.999910831451416,
          -0.013349473476409912,
          -3.5067762382823275e-07,
          -0.045590631663799286
        ],
        [
          -2.778382963697368e-07,
          -4.6191011904284096e-08,
          1.0,
          -4.132684416902066e-09
        ]
      ],
      [
        [
          0.14073336124420166,
          -0.9900478720664978,
          -1.6013473214115947e-07,
          0.4767630398273468
        ],
        [
          0.9900475740432739,
          0.14073336124420166,
          -2.0323111016296025e-07,
          -0.01763467863202095
        ],
        [
          2.1147062057025323e-07,
          -6.322338208519795e-08,
          1.0,
          -1.5985457402223346e-09
        ]
      ]
    ],
    [
      [
        [
          0.02958562970161438,
          0.99956214427948,
          8.393325856559386e-08,
          0.5499374270439148
        ],
        [
          -0.99956214427948,
          0.02958562970161438,
          -3.5010654642064765e-07,
          -0.045590631663799286
        ],
        [
          -2.789566337924043e-07,
          -3.2970433494483586e-08,
          1.0,
          -4.132684416902066e-09
        ]
      ],
      [
        [
          0.15530157089233398,
          -0.9878674149513245,
          -1.6053340345933975e-07,
          0.4767630398273468
        ],
        [
          0.9878671765327454,
          0.1553015112876892,
          -2.0338231365713e-07,
          -0.01763467863202095
        ],
        [
          2.1259025118069985e-07,
          -6.047192613323205e-08,
          1.0,
          -1.5985457402223346e-09
        ]
      ]
    ],
    [
      [
        [
          0.06628307700157166,
          0.9978008270263672,
          8.282897567823966e-08,
          0.5499374270439148
        ],
        [
          -0.9978007674217224,
          0.06628307700157166,
          -3.496615477160958e-07,
          -0.045590631663799286
        ],
        [
          -2.794622275814618e-07,
          -2.1628789426131334e-08,
          1.0,
          -4.132684416902066e-09
        ]
      ],
      [
        [
          0.1678256094455719,
          -0.9858169555664062,
          -1.6087865617464558e-07,
          0.4767630398273468
        ],
        [
          0.9858166575431824,
          0.1678256094455719,
          -2.0350788076939352e-07,
          -0.01763467863202095
        ],
        [
          2.1352227008719638e-07,
          -5.80884425005479e-08,
          1.0,
          -1.5985457402223346e-09
        ]
      ]
    ],
    [
      [
        [
          0.09600698947906494,
          0.9953805208206177,
          8.192107969762219e-08,
          0.5499374270439148
        ],
        [
          -0.9953805208206177,
          0.09600704908370972,
          -3.493303211143939e-07,
          -0.045590631663799286
        ],
        [
          -2.7956608050772047e-07,
          -1.2413970296165644e-08,
          1.0,
          -4.132684416902066e-09
        ]
      ],
      [
        [
          0.17803558707237244,
          -0.9840243458747864,
          -1.6116180745484598e-07,
          0.4767630398273468
        ],
        [
          0.9840241074562073,
          0.17803552746772766,
          -2.0360718622214335e-07,
          -0.01763467863202095
        ],
        [
          2.1426109242383973e-07,
          -5.613288678318895e-08,
          1.0,
          -1.5985457402223346e-09
        ]
      ]
    ],
    [
      [
        [
          0.1180797815322876,
          0.9930040836334229,
          8.123905104184814e-08,
          0.5499374270439148
        ],
        [
          -0.9930040836334229,
          0.11807984113693237,
          -3.491014126666414e-07,
          -0.045590631663799286
        ],
        [
          -2.794649560655671e-07,
          -5.554586124389971e-09,
          1.0,
          -4.132684416902066e-09
        ]
      ],
      [
        [
          0.1856633722782135,
          -0.9826136231422424,
          -1.6137437341967598e-07,
          0.4767630398273468
        ],
        [
          0.9826134443283081,
          0.18566331267356873,
          -2.0367956210520788e-07,
          -0.01763467863202095
        ],
        [
          2.1480065015566652e-07,
          -5.466459640501853e-08,
          1.0,
          -1.5985457402223346e-09
        ]
      ]
    ],
    [
      [
        [
          0.13183796405792236,
          0.9912713170051575,
          8.081051561248387e-08,
          0.5499374270439148
        ],
        [
          -0.9912712574005127,
          0.13183796405792236,
          -3.489661537514621e-07,
          -0.045590631663799286
        ],
        [
          -2.7932452439927147e-07,
          -1.2718999187200097e-09,
          1.0,
          -4.132684416902066e-09
        ]
      ],
      [
        [
          0.1904405653476715,
          -0.9816990494728088,
          -1.6150794124314416e-07,
          0.4767630398273468
        ],
        [
          0.9816988706588745,
          0.19044050574302673,
          -2.0372412734559475e-07,
          -0.01763467863202095
        ],
        [
          2.1513316994514753e-07,
          -5.3741818106800565e-08,
          1.0,
          -1.5985457402223346e-09
        ]
      ]
    ],
    [
      [
        [
          0.13658908009529114,
          0.990627646446228,
          2.7339021357875026e-07,
          0.5499374270439148
        ],
        [
          -0.9906277656555176,
          0.13658908009529114,
          -1.935424052135204e-07,
          -0.04559064656496048
        ],
        [
          -1.5166459377269348e-07,
          -2.1193665133978357e-07,
          1.0,
          -4.132686193258905e-09
        ]
      ],
      [
        [
          0.19209441542625427,
          -0.9813767671585083,
          -1.8114866406904184e-07,
          0.4767630398273468
        ],
        [
          0.9813765287399292,
          0.19209441542625427,
          -1.541708058994118e-07,
          -0.01763467863202095
        ],
        [
          1.7036582278251444e-07,
          -8.217310210056894e-08,
          1.0,
          -1.5985457402223346e-09
        ]
      ]
    ],
    [
      [
        [
          0.13220590353012085,
          0.9912222623825073,
          2.739774060955824e-07,
          0.5499374270439148
        ],
        [
          -0.9912223815917969,
          0.13220596313476562,
          -1.9392504668758193e-07,
          -0.04559064656496048
        ],
        [
          -1.5118259000246326e-07,
          -2.131368717073201e-07,
          1.0,
          -4.132686193258905e-09
        ]
      ],
      [
        [
          0.1905684471130371,
          -0.9816742539405823,
          -1.811457366329705e-07,
          0.4767630398273468
        ],
        [
          0.981674075126648,
          0.19056841731071472,
          -1.5416873111462337e-07,
          -0.01763467863202095
        ],
        [
          1.702352818711006e-07,
          -8.243537052976535e-08,
          1.0,
          -1.5985457402223346e-09
        ]
      ]
    ],
    [
      [
        [
          0.1194954514503479,
          0.9928346276283264,
          2.7566861149352917e-07,
          0.5499374270439148
        ],
        [
          -0.9928346276283264,
          0.1194954514503479,
          -1.9504807369230548e-07,
          -0.04559064656496048
        ],
        [
          -1.497564880992286e-07,
          -2.1660129334577505e-07,
          1.0,
          -4.132686193258905e-09
        ]
      ],
      [
        [
          0.18615397810935974,
          -0.9825209379196167,
          -1.8113723854185082e-07,
          0.4767630398273468
        ],
        [
          0.9825206398963928,
          0.18615400791168213,
          -1.5416276255564298e-07,
          -0.01763467863202095
        ],
        [
          1.698555678331104e-07,
          -8.319248934185453e-08,
          1.0,
          -1.5985457402223346e-09
        ]
      ]
    ],
    [
      [
        [
          0.09907320141792297,
          0.9950801730155945,
          2.7835025662170665e-07,
          0.5499374270439148
        ],
        [
          -0.9950802326202393,
          0.09907323122024536,
          -1.9689383634613478e-07,
          -0.04559064656496048
        ],
        [
          -1.4737734943537362e-07,
          -2.2211773398339574e-07,
          1.0,
          -4.132686193258905e-09
        ]
      ],
      [
        [
          0.17909246683120728,
          -0.983832597732544,
          -1.8112373822987138e-07,
          0.4767630398273468
        ],
        [
          0.9838323593139648,
          0.17909249663352966,
          -1.5415309917443665e-07,
          -0.01763467863202095
        ],
        [
          1.692417725962514e-07,
          -8.439874932264502e-08,
          1.0,
          -1.5985457402223346e-09
        ]
      ]
    ],
    [
      [
        [
          0.07152572274208069,
          0.9974387884140015,
          2.818980533447757e-07,
          0.5499374270439148
        ],
        [
          -0.9974388480186462,
          0.07152566313743591,
          -1.9946392626479792e-07,
          -0.04559064656496048
        ],
        [
          -1.4399772396700428e-07,
          -2.29462060019614e-07,
          1.0,
          -4.132686193258905e-09
        ]
      ],
      [
        [
          0.16962161660194397,
          -0.9855095744132996,
          -1.8110577570951136e-07,
          0.4767630398273468
        ],
        [
          0.9855093359947205,
          0.16962161660194397,
          -1.541400536098081e-07,
          -0.01763467863202095
        ],
        [
          1.6840627381498052e-07,
          -8.600713385931158e-08,
          1.0,
          -1.5985457402223346e-09
        ]
      ]
    ],
    [
      [
        [
          0.037448734045028687,
          0.9992983937263489,
          2.861771122297796e-07,
          0.5499374270439148
        ],
        [
          -0.9992984533309937,
          0.03744879364967346,
          -2.027701242468538e-07,
          -0.04559064656496048
        ],
        [
          -1.3954810640370852e-07,
          -2.383942643291448e-07,
          1.0,
          -4.132686193258905e-09
        ]
      ],
      [
        [
          0.15797853469848633,
          -0.9874428510665894,
          -1.8108389099324995e-07,
          0.4767630398273468
        ],
        [
          0.9874426126480103,
          0.15797853469848633,
          -1.541237963920139e-07,
          -0.01763467863202095
        ],
        [
          1.6735994279315491e-07,
          -8.796968131719041e-08,
          1.0,
          -1.5985457402223346e-09
        ]
      ]
    ],
    [
      [
        [
          -0.0025184154510498047,
          0.9999967813491821,
          2.9104234045007615e-07,
          0.5499374270439148
        ],
        [
          -0.9999967813491821,
          -0.0025184154510498047,
          -2.0682560375462344e-07,
          -0.04559064656496048
        ],
        [
          -1.3395232656421285e-07,
          -2.486563346337789e-07,
          1.0,
          -4.132686193258905e-09
        ]
      ],
      [
        [
          0.14440152049064636,
          -0.989519476890564,
          -1.8105865251527575e-07,
          0.4767630398273468
        ],
        [
          0.9895192980766296,
          0.14440152049064636,
          -1.541045264730201e-07,
          -0.01763467863202095
        ],
        [
          1.6611323871984496e-07,
          -9.023783320571965e-08,
          1.0,
          -1.5985457402223346e-09
        ]
      ]
    ],
    [
      [
        [
          -0.04766616225242615,
          0.9988633394241333,
          2.9633912390636397e-07,
          0.5499374270439148
        ],
        [
          -0.9988633990287781,
          -0.047666192054748535,
          -2.116372712634984e-07,
          -0.04559064656496048
        ],
        [
          -1.2714251340639748e-07,
          -2.5997084662776615e-07,
          1.0,
          -4.132686193258905e-09
        ]
      ],
      [
        [
          0.12913215160369873,
          -0.9916277527809143,
          -1.8103068555319624e-07,
          0.4767630398273468
        ],
        [
          0.9916274547576904,
          0.12913209199905396,
          -1.5408252806992095e-07,
          -0.01763467863202095
        ],
        [
          1.646771465857455e-07,
          -9.276263313040545e-08,
          1.0,
          -1.5985457402223346e-09
        ]
      ]
    ],
    [
      [
        [
          -0.0971933901309967,
          0.9952654838562012,
          3.019058283371123e-07,
          0.5499374270439148
        ],
        [
          -0.995265543460846,
          -0.0971933901309967,
          -2.171980213461211e-07,
          -0.04559064656496048
        ],
        [
          -1.1907351904483221e-07,
          -2.7204279717807367e-07,
          1.0,
          -4.132686193258905e-09
        ]
      ],
      [
        [
          0.11241602897644043,
          -0.9936614632606506,
          -1.8100050169778115e-07,
          0.4767630398273468
        ],
        [
          0.9936612248420715,
          0.11241605877876282,
          -1.5405797171297309e-07,
          -0.01763467863202095
        ],
        [
          1.6306402983445878e-07,
          -9.549518154017278e-08,
          1.0,
          -1.5985457402223346e-09
        ]
      ]
    ],
    [
      [
        [
          -0.15020179748535156,
          0.9886552691459656,
          3.075779773098475e-07,
          0.5499374270439148
        ],
        [
          -0.9886553287506104,
          -0.15020185708999634,
          -2.2348058337229304e-07,
          -0.04559064656496048
        ],
        [
          -1.0973588615570407e-07,
          -2.845646918103739e-07,
          1.0,
          -4.132686193258905e-09
        ]
      ],
      [
        [
          0.09450462460517883,
          -0.9955247044563293,
          -1.8096869780492852e-07,
          0.4767630398273468
        ],
        [
          0.995524525642395,
          0.09450462460517883,
          -1.5403117004098021e-07,
          -0.01763467863202095
        ],
        [
          1.6128826985095657e-07,
          -9.838694126074188e-08,
          1.0,
          -1.5985457402223346e-09
        ]
      ]
    ],
    [
      [
        [
          -0.20570328831672668,
          0.978614330291748,
          3.1319385129791044e-07,
          0.5499374270439148
        ],
        [
          -0.9786143898963928,
          -0.20570331811904907,
          -2.3043271824008116e-07,
          -0.04559064656496048
        ],
        [
          -9.916587373481889e-08,
          -2.972248012156342e-07,
          1.0,
          -4.132686193258905e-09
        ]
      ],
      [
        [
          0.0756537914276123,
          -0.9971345067024231,
          -1.8093578546540812e-07,
          0.4767630398273468
        ],
        [
          0.997134268283844,
          0.0756537914276123,
          -1.5400240727103665e-07,
          -0.01763467863202095
        ],
        [
          1.593669054500424e-07,
          -1.0139002881714987e-07,
          1.0,
          -1.5985457402223346e-09
        ]
      ]
    ],
    [
      [
        [
          -0.26264020800590515,
          0.9648938179016113,
          3.1860082572165993e-07,
          0.5499374270439148
        ],
        [
          -0.9648938775062561,
          -0.26264020800590515,
          -2.379747456870973e-07,
          -0.04559064656496048
        ],
        [
          -8.745292490175416e-08,
          -3.0971835940363235e-07,
          1.0,
          -4.132686193258905e-09
        ]
      ],
      [
        [
          0.05612480640411377,
          -0.9984240531921387,
          -1.8090233311340853e-07,
          0.4767630398273468
        ],
        [
          0.9984238147735596,
          0.05612483620643616,
          -1.539719960419461e-07,
          -0.01763467863202095
        ],
        [
          1.5731990288259112e-07,
          -1.0445782550050353e-07,
          1.0,
          -1.5985457402223346e-09
        ]
      ]
    ],
    [
      [
        [
          -0.3199214041233063,
          0.9474440813064575,
          3.236628174363432e-07,
          0.5499374270439148
        ],
        [
          -0.9474441409111023,
          -0.3199213445186615,
          -2.459997290316096e-07,
          -0.04559064656496048
        ],
        [
          -7.474224616998981e-08,
          -3.217606945327134e-07,
          1.0,
          -4.132686193258905e-09
        ]
      ],
      [
        [
          0.03618296980857849,
          -0.9993454813957214,
          -1.8086882391799008e-07,
          0.4767630398273468
        ],
        [
          0.9993453025817871,
          0.03618299961090088,
          -1.5394032004678593e-07,
          -0.01763467863202095
        ],
        [
          1.5517045426349796e-07,
          -1.0754511947652645e-07,
          1.0,
          -1.5985457402223346e-09
        ]
      ]
    ],
    [
      [
        [
          -0.37646347284317017,
          0.9264312982559204,
          3.2826716278577805e-07,
          0.5499374270439148
        ],
        [
          -0.9264313578605652,
          -0.37646350264549255,
          -2.543753794270742e-07,
          -0.04559064656496048
        ],
        [
          -6.12324839721623e-08,
          -3.3310053026980313e-07,
          1.0,
          -4.132686193258905e-09
        ]
      ],
      [
        [
          0.016095995903015137,
          -0.9998707175254822,
          -1.8083576946992252e-07,
          0.4767630398273468
        ],
        [
          0.9998704791069031,
          0.016096055507659912,
          -1.539077629786334e-07,
          -0.01763467863202095
        ],
        [
          1.5294514810193505e-07,
          -1.1060868132517498e-07,
          1.0,
          -1.5985457402223346e-09
        ]
      ]
    ],
    [
      [
        [
          -0.43123859167099,
          0.9022378325462341,
          3.323302166791109e-07,
          0.5499374270439148
        ],
        [
          -0.9022378325462341,
          -0.43123859167099,
          -2.629494701977819e-07,
          -0.04559064656496048
        ],
        [
          -4.7169223194032384e-08,
          -3.4353161026956514e-07,
          1.0,
          -4.132686193258905e-09
        ]
      ],
      [
        [
          -0.003866851329803467,
          -0.999992847442627,
          -1.8080356767313788e-07,
          0.4767630398273468
        ],
        [
          0.9999926090240479,
          -0.003866821527481079,
          -1.5387473695227527e-07,
          -0.01763467863202095
        ],
        [
          1.5067379877109488e-07,
          -1.1360742746546748e-07,
          1.0,
          -1.5985457402223346e-09
        ]
      ]
    ],
    [
      [
        [
          -0.48331761360168457,
          0.8754450082778931,
          3.358007916176575e-07,
          0.5499374270439148
        ],
        [
          -0.8754450082778931,
          -0.48331761360168457,
          -2.7155604698236857e-07,
          -0.04559064656496048
        ],
        [
          -3.283455640712418e-08,
          -3.529018499648373e-07,
          1.0,
          -4.132686193258905e-09
        ]
      ],
      [
        [
          -0.02343645691871643,
          -0.9997255802154541,
          -1.807726448532776e-07,
          0.4767630398273468
        ],
        [
          0.9997254014015198,
          -0.023436397314071655,
          -1.5384178198019072e-07,
          -0.01763467863202095
        ],
        [
          1.48389361243062e-07,
          -1.1650271858343331e-07,
          1.0,
          -1.5985457402223346e-09
        ]
      ]
    ],
    [
      [
        [
          -0.5319064855575562,
          0.8468030691146851,
          3.386611524547334e-07,
          0.5499374270439148
        ],
        [
          -0.8468031287193298,
          -0.5319064259529114,
          -2.800229310651048e-07,
          -0.04559064656496048
        ],
        [
          -1.8534109358370188e-08,
          -3.611175145579182e-07,
          1.0,
          -4.132686193258905e-09
        ]
      ],
      [
        [
          -0.0423455536365509,
          -0.9991033673286438,
          -1.8074334207085485e-07,
          0.4767630398273468
        ],
        [
          0.9991031289100647,
          -0.042345523834228516,
          -1.538093385988759e-07,
          -0.01763467863202095
        ],
        [
          1.4612756160659046e-07,
          -1.1925855858407886e-07,
          1.0,
          -1.5985457402223346e-09
        ]
      ]
    ],
    [
      [
        [
          -0.576366662979126,
          0.8171911835670471,
          3.4092619216608e-07,
          0.5499374270439148
        ],
        [
          -0.8171911835670471,
          -0.576366662979126,
          -2.881785405861592e-07,
          -0.04559064656496048
        ],
        [
          -4.58325644103752e-09,
          -3.6814353165937064e-07,
          1.0,
          -4.132686193258905e-09
        ]
      ],
      [
        [
          -0.06033000349998474,
          -0.9981787800788879,
          -1.8071605722980166e-07,
          0.4767630398273468
        ],
        [
          0.9981784820556641,
          -0.06033000349998474,
          -1.5377796103166474e-07,
          -0.01763467863202095
        ],
        [
          1.4392662706086412e-07,
          -1.2184148090454983e-07,
          1.0,
          -1.5985457402223346e-09
        ]
      ]
    ],
    [
      [
        [
          -0.6162232756614685,
          0.7875714302062988,
          3.426381738336204e-07,
          0.5499374270439148
        ],
        [
          -0.7875714302062988,
          -0.6162232756614685,
          -2.9585834226963925e-07,
          -0.04559064656496048
        ],
        [
          8.704510889856465e-09,
          -3.73997949054683e-07,
          1.0,
          -4.132686193258905e-09
        ]
      ],
      [
        [
          -0.07712933421134949,
          -0.9970213770866394,
          -1.806910461255029e-07,
          0.4767630398273468
        ],
        [
          0.9970212578773499,
          -0.07712936401367188,
          -1.5374814665847225e-07,
          -0.01763467863202095
        ],
        [
          1.418268453790006e-07,
          -1.2422049167071236e-07,
          1.0,
          -1.5985457402223346e-09
        ]
      ]
    ],
    [
      [
